   1.6158669e+01   1.1504446e+02
   1.8284027e+01   3.7904105e+01
   1.8413250e+01   7.6379088e+01
   1.8128085e+01   9.0543004e+02
   2.0640642e+01   8.3857546e+02
   2.1811739e+01   3.7480372e+02
   2.1823665e+01   5.0336847e+02
   2.3738425e+01   3.3125226e+02
   2.4400287e+01   2.6337234e+02
   2.5646445e+01   7.6894417e+02
   2.6867363e+01   6.1602818e+02
   2.6432088e+01   8.8088369e+02
   2.8606842e+01   8.1605696e+02
   3.1122555e+01   5.7264362e+01
   3.1532675e+01   5.2346694e+02
   3.1895238e+01   6.4025097e+02
   3.2326617e+01   1.5692814e+02
   3.2471489e+01   9.2244369e+02
   3.2971215e+01   1.0057456e+03
   3.4745875e+01   3.5184718e+02
   3.5028706e+01   8.5714016e+02
   3.8849185e+01   4.3265466e+02
   4.0320446e+01   8.9941322e+02
   4.2570648e+01   8.3618028e+02
   4.3428845e+01   7.9430345e+01
   4.9980629e+01   7.7035818e+02
   4.9061484e+01   8.7642773e+02
   4.9163529e+01   9.4101426e+02
   5.0302769e+01   1.4326495e+02
   5.1310495e+01   8.1420668e+02
   5.2698723e+01   9.8629742e+02
   5.4539394e+01   5.8053494e+01
   5.4215073e+01   7.2872056e+02
   5.4828387e+01   2.9531481e+02
   5.9412214e+01   8.5550153e+02
   6.3549019e+01   7.4989077e+02
   6.3590727e+01   9.6076839e+02
   6.6265329e+01   3.8741434e+01
   6.6087366e+01   7.9702881e+01
   6.5030319e+01   2.3528001e+02
   7.1276965e+01   6.3521340e+02
   7.1897751e+01   1.0033732e+03
   7.4317741e+01   7.7226911e+02
   7.4552735e+01   9.3732020e+02
   7.5038761e+01   8.7430445e+02
   7.9116227e+01   5.8619072e+01
   8.0126936e+01   7.2984777e+02
   8.2751599e+01   8.5124843e+02
   8.8881669e+01   6.1879608e+02
   8.8782299e+01   7.5348817e+02
   9.1667157e+01   7.8960989e+01
   9.1679065e+01   5.7550317e+02
   9.4815187e+01   9.9731119e+02
   9.6844191e+01   2.8058910e+02
   9.8343029e+01   9.2258001e+02
   1.0274430e+02   9.4674061e+02
   1.0438981e+02   1.8988640e+01
   1.0540934e+02   6.0497526e+01
   1.1116101e+02   3.2039237e+02
   1.1332996e+02   2.3169919e+02
   1.1404766e+02   8.8721159e+02
   1.1529977e+02   3.8389082e+01
   1.1604137e+02   7.9616027e+01
   1.1802936e+02   7.8471635e+02
   1.1946137e+02   2.7435819e+02
   1.2107497e+02   9.3251708e+02
   1.2417393e+02   9.5571329e+02
   1.2879094e+02   1.8972855e+01
   1.2795441e+02   2.4942083e+02
   1.3159347e+02   1.4054016e+02
   1.3526547e+02   2.8970815e+02
   1.3647849e+02   4.9586257e+02
   1.3631573e+02   7.6867282e+02
   1.3805634e+02   6.3361261e+02
   1.3808112e+02   8.7426377e+02
   1.4088111e+02   2.6718090e+02
   1.4211293e+02   7.9416573e+01
   1.4375297e+02   9.4062598e+02
   1.4934488e+02   2.4139446e+02
   1.4934048e+02   9.6481457e+02
   1.5002126e+02   5.3952361e+02
   1.5209877e+02   6.5191506e+02
   1.5283394e+02   8.4944896e+02
   1.5632752e+02   5.6599516e+02
   1.5743967e+02   8.9857781e+02
   1.6673869e+02   7.8881931e+01
   1.6625023e+02   6.1282641e+02
   1.6840545e+02   8.3200128e+02
   1.7160914e+02   3.2257013e+02
   1.7255527e+02   6.3505413e+02
   1.8065464e+02   6.5901697e+02
   1.8364780e+02   4.3389828e+02
   1.8318975e+02   7.2006392e+02
   1.8668380e+02   3.7579473e+01
   1.8936492e+02   6.1839496e+02
   1.9119640e+02   9.5644439e+02
   1.9236303e+02   7.4191464e+02
   1.9401063e+02   2.6095540e+02
   1.9378090e+02   3.1232932e+02
   1.9504130e+02   3.3672155e+02
   1.9596913e+02   6.4070879e+02
   1.9616982e+02   1.0026932e+03
   1.9796676e+02   7.0295063e+02
   2.0247895e+02   2.0144880e+01
   2.0240397e+02   6.6304279e+02
   2.0635247e+02   2.1404383e+02
   2.0578704e+02   6.0246797e+02
   2.1257694e+02   6.2327996e+02
   2.1386398e+02   7.5102338e+02
   2.1740807e+02   8.4858799e+02
   2.1885449e+02   4.6378078e+02
   2.2142660e+02   5.8347466e+02
   2.1959439e+02   6.4563392e+02
   2.3199964e+02   2.0184951e+02
   2.3339126e+02   2.2515314e+02
   2.3410033e+02   8.3325097e+02
   2.3499484e+02   9.5222129e+02
   2.3501334e+02   7.6174341e+01
   2.3572606e+02   1.4079988e+02
   2.3542396e+02   6.2870129e+02
   2.3752761e+02   4.8649808e+02
   2.3897870e+02   5.2662895e+02
   2.4203127e+02   6.5197368e+02
   2.4240323e+02   8.5743298e+02
   2.4359364e+02   5.8880570e+02
   2.4652446e+02   4.6646190e+02
   2.4963469e+02   5.0746041e+02
   2.4923513e+02   2.9097369e+01
   2.4981160e+02   9.2795214e+01
   2.4988752e+02   1.8747212e+02
   2.5058076e+02   5.4625748e+02
   2.5164347e+02   8.1742014e+02
   2.5381052e+02   9.0228971e+02
   2.5777704e+02   6.3452133e+02
   2.5713798e+02   6.9679177e+02
   2.5730984e+02   6.9783870e+01
   2.5903768e+02   8.3815876e+02
   2.6265788e+02   5.2790531e+02
   2.6284393e+02   2.8464185e+02
   2.6425686e+02   6.5724344e+02
   2.6572325e+02   1.7162714e+02
   2.6586771e+02   7.9866439e+02
   2.7104695e+02   2.3768195e+01
   2.7166532e+02   1.9772366e+02
   2.7373425e+02   8.2092852e+02
   2.7474717e+02   3.0803209e+02
   2.7506767e+02   8.6761262e+01
   2.7617251e+02   5.5043476e+02
   2.7722530e+02   2.4326737e+02
   2.7941644e+02   6.3991133e+02
   2.8042187e+02   2.6746029e+02
   2.8096371e+02   1.3266928e+02
   2.8031062e+02   8.9710778e+02
   2.8267618e+02   3.3186315e+02
   2.8468666e+02   9.4426639e+02
   2.8599427e+02   1.5833862e+02
   2.8730378e+02   1.8100179e+02
   2.8757221e+02   7.5788255e+02
   2.8926125e+02   6.6328069e+02
   2.9054714e+02   8.0229985e+02
   2.9118573e+02   3.5457251e+02
   2.9090540e+02   1.0533305e+02
   2.9229235e+02   2.0579412e+02
   2.9646655e+02   2.2959447e+02
   2.9602556e+02   7.3195336e+02
   2.9681817e+02   9.1686775e+02
   2.9786340e+02   3.1465830e+02
   2.9860697e+02   3.7628906e+02
   2.9786463e+02   8.2433126e+02
   2.9843774e+02   8.1574645e+01
   2.9926426e+02   2.5253932e+02
   3.0060932e+02   8.8876613e+02
   3.0411543e+02   6.4165382e+02
   3.0563386e+02   3.3576801e+02
   3.0592352e+02   1.6757856e+02
   3.0668656e+02   3.9873779e+02
   3.1171584e+02   1.9106056e+02
   3.1449760e+02   3.5882266e+02
   3.1424194e+02   2.1328806e+02
   3.1346047e+02   8.4176576e+02
   3.1710070e+02   2.3824083e+02
   3.1907845e+02   8.1712657e+02
   3.2193136e+02   3.8222968e+02
   3.2244497e+02   3.1721198e+02
   3.2265812e+02   4.7059646e+02
   3.2601171e+02   1.2811784e+02
   3.2644668e+02   8.8188065e+02
   3.2962048e+02   3.4161530e+02
   3.2956201e+02   4.0462888e+02
   3.3365832e+02   1.9886112e+02
   3.3651725e+02   3.6475800e+02
   3.4044653e+02   3.2007706e+01
   3.3988270e+02   7.9474284e+02
   3.4077363e+02   9.9038555e+02
   3.4045103e+02   6.2069957e+02
   3.4149374e+02   2.2495636e+02
   3.4422288e+02   5.4623456e+01
   3.4522872e+02   3.8727953e+02
   3.4684320e+02   3.2395423e+02
   3.4679025e+02   9.2932319e+02
   3.4883219e+02   7.6983810e+02
   3.4915178e+02   9.6920977e+02
   3.5358709e+02   3.4509313e+02
   3.5366788e+02   4.0833987e+02
   3.5598645e+02   7.0825519e+02
   3.5712150e+02   8.8791964e+02
   3.5922874e+02   9.4881242e+02
   3.6212910e+02   4.2971393e+02
   3.6369635e+02   6.2236727e+02
   3.6459161e+02   9.8890809e+02
   3.6847118e+02   1.1025749e+02
   3.7432383e+02   1.3580021e+02
   3.7539607e+02   1.9831382e+02
   3.7499177e+02   6.9621482e+02
   3.7665264e+02   4.1291663e+02
   3.8288152e+02   7.4445551e+02
   3.8521083e+02   9.4043050e+01
   3.8859326e+02   3.1311754e+02
   3.8709541e+02   9.9134113e+02
   3.8954311e+02   1.1644012e+02
   3.9034625e+02   3.9557483e+02
   3.9018589e+02   6.3439834e+02
   3.9283200e+02   6.6024631e+02
   3.9358582e+02   6.8260858e+02
   3.9378059e+02   9.2338415e+02
   3.9556586e+02   5.6041616e+01
   4.0044254e+02   7.8105322e+01
   4.0013306e+02   4.1844961e+02
   4.0198963e+02   9.6753775e+02
   4.0491729e+02   4.4091004e+02
   4.0621688e+02   1.0102573e+02
   4.0800637e+02   3.7884154e+02
   4.0781118e+02   8.7729633e+02
   4.0983979e+02   3.9053872e+01
   4.0908938e+02   4.6538189e+02
   4.0945279e+02   9.4059444e+02
   4.1456102e+02   1.2489580e+02
   4.1364854e+02   7.8706044e+02
   4.1654024e+02   6.2769034e+01
   4.1737193e+02   9.1864774e+02
   4.2486798e+02   2.2695545e+01
   4.2386150e+02   7.6549417e+02
   4.2441501e+02   8.9220143e+02
   4.2581103e+02   2.4872271e+02
   4.2784044e+02   8.0515848e+02
   4.3075505e+02   1.0806060e+02
   4.3367872e+02   4.5630717e+01
   4.3403123e+02   7.4292419e+02
   4.3677138e+02   7.8419445e+02
   4.4343676e+02   8.2490224e+02
   4.4783821e+02   9.2640851e+01
   4.4785550e+02   7.2139647e+02
   4.4833534e+02   7.6178486e+02
   4.5050725e+02   2.9513574e+01
   4.5034739e+02   5.5735245e+02
   4.5385643e+02   1.7583715e+02
   4.5438807e+02   3.0666762e+02
   4.5313811e+02   8.0272196e+02
   4.5467919e+02   1.1466480e+02
   4.5381642e+02   8.6486497e+02
   4.5697499e+02   5.0638911e+01
   4.5775170e+02   3.3453718e+02
   4.5962641e+02   7.4007912e+02
   4.6127487e+02   7.8168176e+02
   4.6355066e+02   7.4402688e+01
   4.6803213e+02   1.5668177e+02
   4.6703012e+02   6.7816323e+02
   4.6640185e+02   8.2161764e+02
   4.7087506e+02   9.8668150e+01
   4.7321656e+02   3.3254370e+01
   4.7335402e+02   7.5881532e+02
   4.7513754e+02   9.9283942e+02
   4.7610142e+02   3.1510343e+02
   4.7619514e+02   8.0087688e+02
   4.7743612e+02   8.6291028e+02
   4.7871111e+02   9.3029257e+02
   4.8069591e+02   5.6509081e+01
   4.7915977e+02   6.5588879e+02
   4.8244251e+02   7.3861620e+02
   4.8422742e+02   7.7858327e+02
   4.8728096e+02   1.9947012e+02
   4.8948718e+02   1.6962318e+01
   4.9061806e+02   6.7604213e+02
   4.9418728e+02   8.2304974e+02
   4.9468501e+02   9.1240622e+02
   4.9661499e+02   4.0456220e+01
   4.9649066e+02   7.5762999e+02
   5.0005231e+02   2.1989494e+02
   4.9885751e+02   3.5020001e+02
   5.0228365e+02   6.5420962e+02
   5.0467707e+02   6.4016869e+01
   5.1224776e+02   2.3191171e+01
   5.1253790e+02   5.6697992e+02
   5.1262431e+02   6.3149368e+02
   5.1388364e+02   1.9864683e+02
   5.1531965e+02   6.7478351e+02
   5.1792789e+02   3.6479713e+02
   5.2130597e+02   4.7005219e+01
   5.2250833e+02   4.8757391e+02
   5.2770794e+02   6.1071116e+02
   5.3035352e+02   6.9291814e+02
   5.3254062e+02   1.1198881e+02
   5.3439435e+02   2.6140519e+01
   5.3641009e+02   2.4098830e+02
   5.3748761e+02   4.6769496e+02
   5.3942573e+02   6.7274731e+02
   5.4125541e+02   3.0549855e+02
   5.4059808e+02   5.6141958e+02
   5.4077339e+02   1.0009599e+03
   5.4504380e+02   8.6854028e+02
   5.5236031e+02   6.9269272e+02
   5.5384429e+02   4.0564009e+01
   5.5794717e+02   1.6751738e+02
   5.5703032e+02   5.7736161e+02
   5.5946145e+02   4.7015742e+02
   5.6186772e+02   5.5281319e+02
   5.6262583e+02   4.2846741e+02
   5.6466111e+02   3.8781700e+02
   5.6434026e+02   6.7021195e+02
   5.6443046e+02   3.2276789e+02
   5.7203227e+02   4.5184035e+02
   5.7651781e+02   7.3041655e+02
   5.7629489e+02   4.0915323e+02
   5.7633429e+02   5.9364427e+02
   5.7766769e+02   3.3090181e+01
   5.8019690e+02   5.6809110e+02
   5.8178543e+02   4.7263535e+02
   5.8300010e+02   5.4592486e+02
   5.8525896e+02   3.1355381e+02
   5.8586404e+02   4.3046913e+02
   5.8841899e+02   3.9008834e+02
   5.9170751e+02   4.9606254e+02
   5.9327845e+02   5.4969059e+01
   5.9656209e+02   4.5448033e+02
   5.9853512e+02   1.2372663e+02
   5.9758379e+02   5.8723861e+02
   5.9903883e+02   4.1261704e+02
   6.0045961e+02   5.1899622e+02
   6.0475013e+02   3.7282889e+02
   6.0645973e+02   4.7839175e+02
   6.0891581e+02   4.3558325e+02
   6.1027558e+02   9.1076785e+02
   6.1204226e+02   5.3864110e+02
   6.1387260e+02   3.9489087e+02
   6.1484413e+02   4.9987032e+02
   6.1519226e+02   6.0024900e+02
   6.1826597e+02   6.0269462e+01
   6.2316917e+02   4.1692659e+02
   6.2367301e+02   6.8682430e+02
   6.2546912e+02   5.1947216e+02
   6.2842158e+02   4.8075642e+02
   6.3478813e+02   3.3405091e+02
   6.3659497e+02   7.1172157e+02
   6.3635942e+02   9.0898394e+02
   6.3674617e+02   3.9778850e+02
   6.3970860e+02   5.0268032e+02
   6.4209406e+02   7.7419835e+02
   6.4983206e+02   1.4186568e+02
   6.4867113e+02   4.1958273e+02
   6.4934079e+02   5.2356859e+02
   6.4882599e+02   8.6186173e+02
   6.4979545e+02   9.2628897e+02
   6.5460186e+02   4.8353732e+02
   6.5478642e+02   7.5421702e+02
   6.5595607e+02   3.4438259e+01
   6.5714237e+02   4.4214697e+02
   6.5818932e+02   9.0393503e+02
   6.6132488e+02   4.0096362e+02
   6.6232105e+02   7.1056034e+02
   6.6424592e+02   5.0556608e+02
   6.6767553e+02   2.0894228e+02
   6.6644785e+02   8.8015580e+02
   6.6584106e+02   9.4680748e+02
   6.6759496e+02   4.6457233e+02
   6.6996381e+02   2.3503060e+02
   6.7231099e+02   4.2290348e+02
   6.7316138e+02   9.2287236e+02
   6.7504817e+02   2.5675905e+02
   6.7573477e+02   3.8291533e+02
   6.7697197e+02   4.8676940e+02
   6.8023253e+02   4.4545935e+02
   6.8140508e+02   2.7946949e+02
   6.8186888e+02   9.0044181e+02
   6.8236938e+02   2.5181273e+01
   6.8722084e+02   5.0824037e+02
   6.8916442e+02   7.7929292e+02
   6.8983798e+02   8.7758225e+02
   6.8901936e+02   9.4167932e+02
   6.9106238e+02   8.5266455e+01
   6.9143788e+02   4.6798691e+02
   6.9137250e+02   5.7987936e+02
   6.9351645e+02   1.3386850e+02
   6.9562407e+02   4.2644709e+02
   6.9774127e+02   9.1914174e+02
   6.9834277e+02   8.5570339e+02
   7.0161516e+02   4.8953964e+02
   7.0359150e+02   2.8353140e+02
   7.0289727e+02   7.6125435e+02
   7.0449206e+02   8.9719286e+02
   7.0739481e+02   7.0431866e+01
   7.0719256e+02   4.4894134e+02
   7.0917212e+02   2.4029002e+01
   7.1055040e+02   1.0021378e+03
   7.1288904e+02   7.8328150e+02
   7.1428032e+02   5.6392223e+02
   7.1429207e+02   9.3842623e+02
   7.1492637e+02   8.7375293e+02
   7.1676094e+02   1.3894328e+02
   7.1608551e+02   4.7069806e+02
   7.1757736e+02   7.4225226e+02
   7.1907835e+02   4.3009671e+02
   7.2088392e+02   9.1577802e+02
   7.2304482e+02   8.5102929e+02
   7.2629037e+02   7.6491548e+02
   7.2728711e+02   9.5830229e+02
   7.2968900e+02   4.5262761e+02
   7.3033675e+02   8.9373152e+02
   7.3241686e+02   9.9792635e+02
   7.3350706e+02   7.2569570e+02
   7.3381876e+02   5.7386467e+02
   7.3633054e+02   3.0917005e+01
   7.3818237e+02   4.0889214e+02
   7.4203592e+02   9.7682048e+02
   7.4201698e+02   3.0354544e+02
   7.4346509e+02   4.3281595e+02
   7.4679126e+02   3.4872888e+02
   7.4672080e+02   1.3633614e+02
   7.5094860e+02   9.5380387e+02
   7.5345698e+02   4.5467935e+02
   7.5402943e+02   8.9037571e+02
   7.5850838e+02   1.1447865e+02
   7.6493867e+02   2.9889640e+02
   7.6599089e+02   4.9643135e+02
   7.6739569e+02   2.7306864e+02
   7.6827155e+02   9.0994795e+02
   7.6968973e+02   9.4487673e+01
   7.6920619e+02   8.4188906e+02
   7.7049606e+02   1.3446145e+02
   7.7322187e+02   5.9313392e+02
   7.7910821e+02   4.5477453e+02
   7.8247095e+02   1.1550095e+02
   7.8282220e+02   1.5795334e+02
   7.8242789e+02   1.8376427e+02
   7.8587250e+02   4.2513128e+02
   7.8790382e+02   8.2116376e+02
   7.8937320e+02   9.7191052e+02
   7.9201562e+02   5.0298542e+02
   7.9588726e+02   3.6185276e+02
   7.9657701e+02   8.4385598e+02
   7.9672425e+02   9.4812791e+02
   7.9807982e+02   2.8201248e+01
   8.0047907e+02   8.8534453e+02
   8.0329352e+02   7.4007618e+02
   8.1471384e+02   5.0952879e+02
   8.1498687e+02   9.0447496e+02
   8.1627535e+02   7.8398256e+02
   8.2130055e+02   9.4624908e+02
   8.2329756e+02   8.8264847e+02
   8.2449953e+02   1.8654914e+02
   8.2988776e+02   4.9340892e+02
   8.3021943e+02   9.2208283e+02
   8.3668624e+02   9.6532761e+02
   8.4010520e+02   9.0078775e+02
   8.4308919e+02   6.0195434e+01
   8.5324784e+02   3.3587123e+01
   8.5376322e+02   9.2020543e+02
   8.5604260e+02   8.1053103e+01
   8.6026056e+02   9.6162824e+02
   8.6373614e+02   4.5754836e+02
   8.6428925e+02   1.0021424e+03
   8.6751598e+02   5.8831432e+02
   8.6922704e+02   4.8340761e+02
   8.7236174e+02   6.3053345e+02
   8.7388349e+02   8.1999339e+02
   8.8223623e+02   6.0836627e+02
   8.8370195e+02   9.5806491e+02
   8.8633381e+02   6.4896837e+02
   8.8825541e+02   1.0008569e+03
   8.9041673e+02   8.0244381e+02
   8.9248640e+02   9.3714660e+02
   8.9441067e+02   5.1476322e+02
   8.9476939e+02   3.1392141e+02
   8.9647532e+02   3.3841994e+02
   8.9697701e+02   6.2882309e+02
   8.9697783e+02   4.2661124e+02
   8.9981205e+02   9.7734686e+02
   9.0195759e+02   9.1475064e+02
   9.0421345e+02   7.3062474e+01
   9.1283050e+02   9.9843564e+02
   9.1566550e+02   7.2878161e+02
   9.1571193e+02   5.2479598e+01
   9.1621105e+02   3.2348289e+02
   9.2118532e+02   6.2544544e+02
   9.2395118e+02   5.6110214e+02
   9.2480253e+02   7.7155262e+02
   9.2930905e+02   6.0384498e+02
   9.3263362e+02   4.7003064e+02
   9.3444629e+02   6.4361565e+02
   9.3584303e+02   3.3431526e+02
   9.3432741e+02   4.4626474e+02
   9.3803486e+02   1.3604665e+02
   9.3914937e+02   5.8129803e+02
   9.4076237e+02   4.2016078e+02
   9.4354168e+02   6.2265544e+02
   9.4796190e+02   5.5901379e+02
   9.5048818e+02   9.5010052e+02
   9.5427907e+02   7.5687822e+01
   9.5584186e+02   4.8177637e+02
   9.5758060e+02   3.4534914e+02
   9.6115240e+02   7.2013580e+02
   9.6197612e+02   1.3728791e+02
   9.7686295e+02   2.6280915e+02
   9.7514126e+02   4.9230811e+02
   9.7642246e+02   6.5941074e+02
   9.7864942e+02   2.8536024e+02
   9.8117281e+02   7.1037687e+02
   9.8401504e+02   3.5259875e+01
   9.8496204e+02   4.4016330e+02
   9.8638385e+02   5.7556448e+02
   9.8747349e+02   1.0013344e+03
   9.9052267e+02   1.4887377e+02
   9.9300883e+02   4.1912447e+02
   1.0008198e+03   2.1391759e+02
   1.0014180e+03   5.9318393e+02
   1.0028673e+03   9.8205683e+02
   1.0025672e+03   8.5500453e+01
   1.0041833e+03   1.9611428e+01
   1.0033006e+03   3.9490937e+02
   1.0039578e+03   7.2131224e+02
   1.7897337e+01   1.8985324e+02
   1.8325260e+01   5.6605332e+02
   1.8537760e+01   4.2126437e+02
   2.0418084e+01   2.1219365e+02
   2.3137182e+01   2.3741225e+02
   2.3440455e+01   5.9362811e+02
   2.2618603e+01   7.0535581e+02
   2.4973318e+01   4.8154015e+02
   2.5530752e+01   9.8457700e+02
   2.5656264e+01   9.4625002e+02
   2.8693258e+01   1.3471869e+02
   3.0235769e+01   7.2604639e+02
   3.2399532e+01   2.8829867e+02
   3.4544023e+01   5.4708642e+02
   3.8495069e+01   6.6477449e+02
   3.9713100e+01   7.4970722e+02
   4.0304160e+01   3.1295653e+02
   3.9868982e+01   7.9289245e+02
   3.9806644e+01   9.6440937e+02
   4.1487496e+01   2.2484827e+02
   4.2662468e+01   2.4666328e+02
   4.3445952e+01   4.9868794e+02
   4.3400971e+01   3.5701535e+01
   4.4909707e+01   2.7188597e+02
   4.4771806e+01   6.0198667e+02
   4.7883596e+01   3.3276289e+02
   5.0799515e+01   6.2572522e+02
   5.4743589e+01   1.7501557e+01
   5.2978105e+01   6.5199664e+02
   5.7194509e+01   3.5803894e+02
   5.7633892e+01   9.1952031e+02
   6.0884421e+01   7.9316158e+02
   6.4274357e+01   3.1588219e+02
   6.5250572e+01   5.8566516e+02
   6.5364726e+01   8.3404769e+02
   6.5996153e+01   6.1244849e+02
   6.6283948e+01   8.9528875e+02
   6.6831814e+01   4.7662753e+02
   6.6711293e+01   7.1057932e+02
   6.9448728e+01   2.7767599e+02
   7.0472428e+01   5.0421410e+02
   7.1351701e+01   1.3431066e+02
   7.2520136e+01   3.4108970e+02
   7.8467154e+01   9.8171534e+02
   8.0697281e+01   2.0294572e+01
   7.9595732e+01   6.5925451e+02
   8.2198935e+01   1.0016958e+02
   8.2041671e+01   5.9652494e+02
   8.6706868e+01   7.9679862e+02
   8.6829957e+01   3.2292076e+02
   8.9672749e+01   8.2644349e+02
   8.9199700e+01   8.9649036e+02
   9.0732051e+01   3.7025232e+01
   9.0202772e+01   2.3615981e+02
   9.4216542e+01   4.1002129e+02
   9.4054899e+01   1.7241467e+02
   9.6963778e+01   7.7710895e+02
   9.7166143e+01   8.6918977e+02
   9.8700645e+01   2.1517661e+02
   1.0291454e+02   9.9212597e+01
   1.0277852e+02   4.3154120e+02
   1.0449154e+02   2.5651441e+02
   1.0404522e+02   9.7398182e+02
   1.0521387e+02   7.3699724e+02
   1.0700006e+02   6.9641328e+02
   1.1117721e+02   7.6077061e+02
   1.1205806e+02   8.0789969e+02
   1.1404038e+02   2.9610842e+02
   1.1381173e+02   6.3533109e+02
   1.1664226e+02   9.1007491e+02
   1.1758259e+02   5.1215351e+02
   1.2137154e+02   7.1901126e+02
   1.2383923e+02   4.7362748e+02
   1.2724992e+02   6.5485044e+02
   1.2855715e+02   7.4446133e+02
   1.2914092e+02   1.0067231e+02
   1.3034988e+02   8.0912221e+02
   1.3003825e+02   5.9596717e+01
   1.3177527e+02   2.1648534e+02
   1.3193111e+02   3.1284563e+02
   1.3353157e+02   4.5179614e+02
   1.3369793e+02   8.9777166e+02
   1.3633645e+02   1.6333973e+02
   1.3830898e+02   4.0505343e+01
   1.4184697e+02   8.3013397e+02
   1.4199690e+02   9.1879011e+02
   1.4591042e+02   4.7288167e+02
   1.4437441e+02   6.0724126e+02
   1.4876246e+02   3.3117876e+02
   1.5072339e+02   7.5199667e+02
   1.5224624e+02   1.0325597e+02
   1.5227919e+02   2.1793482e+01
   1.5300507e+02   3.0925401e+02
   1.5297863e+02   5.8786671e+01
   1.5390600e+02   6.9017212e+02
   1.5418622e+02   9.9131736e+02
   1.5539550e+02   5.1356704e+02
   1.5672895e+02   4.0064049e+02
   1.5777014e+02   2.8247337e+02
   1.5746528e+02   4.5091700e+02
   1.6044798e+02   9.2638896e+02
   1.6138245e+02   4.2192970e+02
   1.6214245e+02   3.6458521e+01
   1.6244775e+02   5.9052373e+02
   1.6397802e+02   2.6032657e+02
   1.6442873e+02   6.7446482e+02
   1.6738825e+02   9.4933052e+02
   1.6846934e+02   3.4483070e+02
   1.7364955e+02   1.1671568e+02
   1.7488901e+02   5.4953666e+02
   1.7576411e+02   1.4026666e+02
   1.7570603e+02   2.9876166e+02
   1.7715667e+02   5.7344511e+02
   1.7973560e+02   4.0820618e+02
   1.7830801e+02   5.0918672e+02
   1.8233808e+02   5.9587341e+02
   1.8385544e+02   7.7907514e+02
   1.8591669e+02   9.3467111e+02
   1.8756978e+02   3.6131983e+02
   1.8783829e+02   6.7998365e+02
   1.8734895e+02   1.9736418e+02
   1.9323975e+02   2.3239136e+02
   1.9380561e+02   8.4335372e+02
   1.9808714e+02   1.3021906e+02
   1.9782075e+02   2.8867625e+02
   1.9899211e+02   8.7362076e+02
   2.0130523e+02   1.0531347e+02
   2.0169396e+02   4.1354097e+02
   2.0344898e+02   9.1964591e+02
   2.0700459e+02   7.2561038e+02
   2.0710634e+02   9.4130363e+02
   2.1044484e+02   8.1935746e+01
   2.0925955e+02   1.8769068e+02
   2.1069396e+02   8.2691843e+02
   2.1345377e+02   4.3662452e+02
   2.1264041e+02   6.8612726e+02
   2.1473832e+02   2.4070235e+02
   2.1447576e+02   8.8988157e+02
   2.1559701e+02   3.0263052e+02
   2.1816707e+02   2.7800468e+02
   2.2041960e+02   1.2258841e+02
   2.2125867e+02   7.0932086e+02
   2.2077596e+02   1.0048775e+03
   2.2596108e+02   6.6971608e+02
   2.2675662e+02   3.5857874e+01
   2.2737976e+02   9.8732778e+01
   2.2859403e+02   8.1095634e+02
   2.2768991e+02   5.4560304e+02
   2.2970415e+02   7.3069640e+02
   2.2920126e+02   6.0632052e+02
   2.3054720e+02   9.0801589e+02
   2.3471991e+02   3.1970451e+02
   2.3483710e+02   6.9190291e+02
   2.3587270e+02   8.8534657e+02
   2.3580262e+02   2.4818364e+02
   2.3692821e+02   2.9285181e+02
   2.3782080e+02   5.6542326e+02
   2.4155222e+02   2.6994002e+02
   2.4234090e+02   1.1455136e+02
   2.4273873e+02   1.6510543e+02
   2.4230606e+02   7.9257784e+02
   2.4380735e+02   7.1456180e+02
   2.4435830e+02   3.8493225e+02
   2.4778417e+02   9.2582596e+02
   2.4971029e+02   6.7624502e+02
   2.5265957e+02   3.0570787e+02
   2.5406464e+02   2.3421107e+02
   2.5221084e+02   7.3753631e+02
   2.5499279e+02   7.7212659e+02
   2.5863951e+02   2.5796181e+02
   2.5857543e+02   5.7011953e+02
   2.6058187e+02   3.2791880e+02
   2.6113237e+02   1.4894232e+02
   2.6218922e+02   4.8524453e+02
   2.6368078e+02   4.2164906e+02
   2.6475802e+02   5.9491547e+02
   2.6537156e+02   9.9761005e+02
   2.6589333e+02   1.0956175e+02
   2.6660760e+02   7.2079037e+02
   2.7161797e+02   6.1683941e+02
   2.7074931e+02   9.2000520e+02
   2.7245796e+02   2.1983332e+02
   2.7198237e+02   6.7955632e+02
   2.7605037e+02   3.7257114e+02
   2.7526261e+02   5.0322681e+02
   2.8233619e+02   7.8035878e+02
   2.8253093e+02   5.7535469e+02
   2.8655811e+02   5.9824397e+02
   2.8933798e+02   2.9098890e+02
   2.9266131e+02   6.2029370e+02
   2.9963245e+02   5.6109269e+02
   2.9980261e+02   1.0030083e+03
   3.0232654e+02   2.9709557e+01
   3.0152049e+02   7.7833063e+02
   3.0704734e+02   8.6331790e+02
   3.1029419e+02   7.5408918e+02
   3.1430422e+02   2.9308836e+02
   3.1474046e+02   6.2036292e+02
   3.1756029e+02   7.9402930e+02
   3.1956397e+02   2.1884627e+01
   3.1998040e+02   1.0015239e+03
   3.2235855e+02   4.4972983e+01
   3.2477044e+02   6.0043115e+02
   3.2461778e+02   9.7514712e+02
   3.2470456e+02   7.7520267e+02
   3.2604630e+02   1.5178826e+02
   3.2629708e+02   6.4497686e+02
   3.2869129e+02   1.7523773e+02
   3.2874526e+02   7.0349803e+02
   3.2946641e+02   8.5919252e+02
   3.3090054e+02   9.5001561e+02
   3.3167132e+02   6.7272450e+02
   3.3408104e+02   7.5324433e+02
   3.3677139e+02   4.2718342e+02
   3.3555605e+02   8.3572886e+02
   3.4056183e+02   2.5243063e+02
   3.4000511e+02   7.2577788e+02
   3.4136162e+02   1.0458490e+02
   3.4289256e+02   3.0226303e+02
   3.4566822e+02   4.7480679e+02
   3.5245676e+02   1.8358183e+02
   3.5497083e+02   2.0651180e+02
   3.5471981e+02   6.8644207e+02
   3.5842947e+02   7.4923083e+02
   3.6096457e+02   3.6969716e+02
   3.6125480e+02   8.6125755e+01
   3.6125904e+02   8.0806813e+02
   3.6207617e+02   1.9894947e+01
   3.6787260e+02   3.8965699e+02
   3.6682685e+02   7.8635559e+02
   3.6997059e+02   9.2788531e+02
   3.7088353e+02   3.2691528e+02
   3.7127063e+02   4.9591304e+02
   3.7175519e+02   6.4884443e+02
   3.7434382e+02   9.6721938e+02
   3.7507959e+02   7.6758582e+02
   3.7761445e+02   7.0528967e+01
   3.8175120e+02   1.7698679e+02
   3.8228585e+02   2.8742098e+02
   3.8124631e+02   8.2251657e+02
   3.8308793e+02   4.3661651e+02
   3.8418297e+02   3.7304390e+02
   3.8417968e+02   9.4830622e+02
   3.9069799e+02   2.2096148e+02
   3.9241678e+02   4.8206764e+02
   3.9457655e+02   5.1451981e+02
   3.9642134e+02   1.4010206e+02
   3.9786116e+02   7.0613447e+02
   3.9763356e+02   7.6567617e+02
   3.9699599e+02   8.3766955e+02
   3.9853324e+02   8.9987417e+02
   3.9884274e+02   1.9354310e+02
   3.9994131e+02   2.4893574e+02
   4.0180889e+02   8.1078972e+02
   4.0466002e+02   2.9036399e+02
   4.0497028e+02   1.6745950e+02
   4.0997575e+02   7.4471164e+02
   4.0938656e+02   9.9102903e+02
   4.1268650e+02   2.2911515e+02
   4.1226120e+02   6.2441324e+02
   4.1256855e+02   6.7031904e+02
   4.1411186e+02   8.5266650e+02
   4.1507189e+02   6.4718630e+02
   4.1607736e+02   4.0156089e+02
   4.1732171e+02   2.7029929e+02
   4.1630010e+02   4.8853125e+02
   4.2040510e+02   7.2072788e+02
   4.1952119e+02   8.3281232e+02
   4.2106434e+02   4.2540670e+02
   4.2146304e+02   1.5069791e+02
   4.2460556e+02   8.4556112e+01
   4.2788963e+02   5.9151346e+02
   4.2971380e+02   2.9196755e+02
   4.2816808e+02   9.7885784e+02
   4.3070946e+02   5.4487160e+02
   4.2982371e+02   8.6939161e+02
   4.3158800e+02   3.8381230e+02
   4.3349850e+02   6.1129326e+02
   4.3350709e+02   9.3812381e+02
   4.3533868e+02   6.3719924e+02
   4.3685060e+02   8.4878429e+02
   4.3768420e+02   1.3104957e+02
   4.3741920e+02   2.2513066e+02
   4.3890455e+02   6.8128501e+01
   4.3786514e+02   1.9637076e+02
   4.4341195e+02   9.1119358e+02
   4.4501331e+02   1.5298804e+02
   4.4596269e+02   8.8664826e+02
   4.4659499e+02   9.9268797e+02
   4.5205943e+02   2.8347491e+02
   4.5469850e+02   6.5874751e+02
   4.5882496e+02   7.0073440e+02
   4.6079387e+02   8.4329012e+02
   4.6289460e+02   9.4842331e+02
   4.6413926e+02   1.9889202e+02
   4.6488516e+02   9.0670402e+02
   4.6629827e+02   6.3720510e+02
   4.6742162e+02   9.7194025e+02
   4.6980387e+02   7.1875781e+02
   4.7533657e+02   2.2007762e+02
   4.7782391e+02   1.2316885e+02
   4.7711658e+02   1.7691120e+02
   4.8055228e+02   8.4079870e+02
   4.8243615e+02   1.3670055e+02
   4.8183331e+02   6.9816782e+02
   4.8199852e+02   3.3625758e+02
   4.8751934e+02   6.3429994e+02
   4.8812045e+02   8.0740017e+01
   4.8773772e+02   8.8833217e+02
   4.9315486e+02   7.1547411e+02
   4.9460256e+02   3.7478037e+02
   4.9912701e+02   6.1108391e+02
   4.9774319e+02   9.9476504e+02
   4.9987196e+02   3.2431348e+02
   5.0176419e+02   1.7659865e+02
   5.0147766e+02   9.3404407e+02
   5.0328280e+02   7.9539443e+02
   5.0469761e+02   6.9658117e+02
   5.0670562e+02   7.3606157e+02
   5.0520153e+02   8.7172063e+02
   5.0992559e+02   8.9190802e+01
   5.1081601e+02   1.1545176e+02
   5.1112893e+02   1.2842953e+02
   5.1185158e+02   2.3951977e+02
   5.1056705e+02   8.9563779e+02
   5.1099953e+02   9.7458315e+02
   5.1316515e+02   3.8647003e+02
   5.1421291e+02   7.8880380e+02
   5.1610995e+02   3.0073611e+02
   5.1575203e+02   8.1403344e+02
   5.1699344e+02   9.1872421e+02
   5.1916702e+02   3.4106933e+02
   5.1781783e+02   9.9703508e+02
   5.2352149e+02   2.6139866e+02
   5.2560934e+02   8.8153532e+02
   5.2765838e+02   4.4539349e+02
   5.2929516e+02   7.3200563e+02
   5.3191503e+02   2.8165893e+02
   5.3096763e+02   5.0964247e+02
   5.3284409e+02   9.7851867e+02
   5.3372445e+02   1.7088663e+02
   5.3427479e+02   5.8499036e+02
   5.3875940e+02   4.2591363e+02
   5.3942442e+02   8.4650715e+01
   5.3923133e+02   3.5765185e+02
   5.3845302e+02   3.8452448e+02
   5.3935723e+02   5.3423346e+02
   5.4138107e+02   3.3299991e+02
   5.4643789e+02   1.3796709e+02
   5.4759235e+02   4.4630688e+02
   5.4699744e+02   1.8985309e+02
   5.4795007e+02   6.5177692e+02
   5.4828653e+02   4.9047811e+02
   5.5098267e+02   4.0822914e+02
   5.5178808e+02   5.9929145e+02
   5.5473865e+02   5.1165071e+02
   5.5558520e+02   9.8348714e+02
   5.5623633e+02   1.0332171e+02
   5.6249047e+02   1.0059856e+03
   5.6287837e+02   8.2022501e+01
   5.6864379e+02   2.7132454e+02
   5.6873225e+02   4.9275648e+02
   5.7023855e+02   6.4302686e+02
   5.7152503e+02   6.1722464e+02
   5.7757126e+02   5.1520680e+02
   5.7869541e+02   2.5153995e+02
   5.8282560e+02   9.8404573e+01
   5.8417460e+02   1.4700639e+02
   5.8472138e+02   9.1663107e+02
   5.8690365e+02   1.7629277e+02
   5.8685726e+02   7.0967368e+02
   5.8805670e+02   8.9380528e+02
   5.9023199e+02   6.3079477e+02
   5.9029591e+02   8.2915459e+02
   5.9097609e+02   8.0472026e+02
   5.9426581e+02   6.0933336e+02
   5.9559624e+02   1.7905905e+01
   6.0051565e+02   7.3258712e+02
   6.0333799e+02   3.3114109e+02
   6.0424832e+02   5.6308153e+02
   6.0620969e+02   6.6900364e+02
   6.0612000e+02   3.5527422e+01
   6.1084775e+02   6.4349767e+02
   6.1037859e+02   8.1560672e+02
   6.1259759e+02   7.0955585e+02
   6.1878676e+02   4.5985831e+02
   6.2025931e+02   3.5367846e+02
   6.2337800e+02   7.3010613e+02
   6.2670069e+02   3.1084470e+02
   6.2737429e+02   7.9666022e+02
   6.2864623e+02   3.4711948e+01
   6.2889111e+02   3.7589245e+02
   6.3104955e+02   2.1444793e+02
   6.3532057e+02   4.3781146e+02
   6.3628491e+02   5.4246142e+02
   6.3771448e+02   5.9370203e+02
   6.4219327e+02   7.2896679e+01
   6.4276062e+02   8.8638540e+02
   6.4309472e+02   2.9251815e+02
   6.4317279e+02   3.5607219e+02
   6.4303631e+02   4.6112449e+02
   6.4503272e+02   7.3256676e+02
   6.4573361e+02   9.5556766e+01
   6.4775049e+02   1.9940680e+02
   6.5043214e+02   3.7951393e+02
   6.5104830e+02   2.2356891e+02
   6.5338464e+02   7.9637768e+02
   6.5426377e+02   9.9278320e+02
   6.5722784e+02   1.6441442e+02
   6.6204739e+02   8.1885458e+02
   6.6372221e+02   3.6070138e+02
   6.6547804e+02   7.7619667e+02
   6.6712819e+02   6.8573889e+02
   6.6915091e+02   1.2731429e+02
   6.6945940e+02   6.5934473e+02
   6.6900564e+02   8.6806661e+01
   6.7370390e+02   6.3984356e+02
   6.7439284e+02   5.3284099e+02
   6.7409872e+02   8.5892808e+02
   6.7645205e+02   7.9766666e+02
   6.7664690e+02   1.0040368e+03
   6.7785115e+02   3.4226927e+02
   6.7864105e+02   7.5879406e+02
   6.7808005e+02   6.1752482e+02
   6.8072642e+02   9.6471501e+02
   6.8282942e+02   1.0938524e+02
   6.8280258e+02   6.4912897e+01
   6.8361660e+02   8.3650971e+02
   6.8502575e+02   4.0368214e+02
   6.8639104e+02   3.0136135e+02
   6.8597873e+02   6.9916787e+02
   6.8820507e+02   1.8908699e+02
   6.9065181e+02   6.7669849e+02
   6.9176692e+02   2.3833790e+02
   6.9559971e+02   5.5008621e+02
   6.9739844e+02   3.8660798e+02
   6.9676221e+02   6.3386343e+02
   6.9866770e+02   2.6214488e+02
   6.9888150e+02   8.0381793e+02
   6.9803001e+02   4.4517601e+01
   6.9935351e+02   3.4665104e+02
   6.9985633e+02   6.0602893e+02
   7.0284217e+02   9.6204951e+02
   7.0476057e+02   7.1670338e+02
   7.0599936e+02   8.3062314e+02
   7.0925175e+02   4.0699417e+02
   7.0953142e+02   3.6656717e+02
   7.1136356e+02   9.5769455e+01
   7.1215457e+02   5.1247219e+02
   7.1452269e+02   5.8760852e+02
   7.1924719e+02   2.6592730e+02
   7.1989445e+02   9.7956385e+02
   7.2375745e+02   3.4838310e+02
   7.2642912e+02   2.8793549e+02
   7.3108092e+02   8.3770428e+01
   7.3057604e+02   1.1451609e+02
   7.3274559e+02   5.8936418e+01
   7.3575455e+02   5.2738395e+02
   7.3579608e+02   5.5011576e+02
   7.3669986e+02   1.5764892e+02
   7.3598706e+02   3.2701539e+02
   7.3581166e+02   9.3372365e+02
   7.3926085e+02   8.7194363e+02
   7.4070735e+02   4.7790061e+02
   7.4235115e+02   5.0179672e+02
   7.4423731e+02   2.7988664e+02
   7.4432745e+02   9.1391678e+02
   7.5234442e+02   7.5827803e+01
   7.5218333e+02   6.0542363e+02
   7.5343600e+02   5.8359562e+02
   7.5553215e+02   7.3082069e+02
   7.5632088e+02   3.2100550e+02
   7.5890927e+02   1.5526252e+02
   7.5875135e+02   5.3890345e+02
   7.5893410e+02   7.9102442e+02
   7.6092373e+02   3.3236885e+01
   7.6041375e+02   9.3322390e+02
   7.6267707e+02   1.7325411e+02
   7.6378567e+02   8.1535683e+02
   7.6395470e+02   2.1960127e+02
   7.6542856e+02   4.3528018e+02
   7.6528188e+02   8.6891816e+02
   7.6568907e+02   9.7635696e+02
   7.6692237e+02   4.7310267e+02
   7.7352627e+02   3.5590431e+02
   7.7366086e+02   7.7196701e+02
   7.7612816e+02   5.2081101e+02
   7.7696367e+02   8.8697117e+02
   7.7946764e+02   9.9456067e+02
   7.7979888e+02   3.1552087e+02
   7.8511437e+02   4.7953491e+02
   7.8775726e+02   8.6601146e+02
   7.8957728e+02   7.0955849e+02
   7.8994865e+02   9.0623010e+02
   7.9287101e+02   1.3508786e+02
   7.9717425e+02   7.6316973e+02
   7.9966920e+02   5.2570521e+02
   8.0012807e+02   4.0330635e+02
   8.0297379e+02   5.9184421e+02
   8.0507334e+02   4.9535159e+01
   8.0625025e+02   9.2739707e+02
   8.0842953e+02   4.8473808e+02
   8.1107447e+02   4.2361217e+02
   8.1135493e+02   9.6789954e+02
   8.1359542e+02   1.1285014e+02
   8.1500619e+02   3.4292042e+02
   8.1549764e+02   7.0750476e+02
   8.1771868e+02   1.6385318e+02
   8.1996958e+02   6.6254056e+01
   8.2173010e+02   5.9332678e+02
   8.2236646e+02   4.4561423e+02
   8.2418808e+02   4.1627843e+01
   8.2377266e+02   1.3384237e+02
   8.2492398e+02   3.1323191e+02
   8.2652747e+02   6.1748104e+02
   8.2966244e+02   2.8864714e+02
   8.3387029e+02   8.2855906e+02
   8.3656062e+02   4.1959816e+02
   8.3868591e+02   1.5399745e+02
   8.4415364e+02   7.9096842e+02
   8.4530563e+02   1.7537446e+02
   8.4611881e+02   9.4207647e+02
   8.4698839e+02   4.7785287e+02
   8.4884614e+02   6.0156698e+02
   8.5003221e+02   6.2859605e+02
   8.4989209e+02   7.2583857e+02
   8.5010683e+02   8.7644827e+02
   8.5036059e+02   4.3739901e+02
   8.5101595e+02   5.0041569e+02
   8.5100657e+02   8.1202575e+02
   8.5282596e+02   5.6902349e+02
   8.5593019e+02   7.5065416e+02
   8.5851713e+02   7.7277552e+02
   8.6007931e+02   6.0910021e+02
   8.6370794e+02   6.5071876e+02
   8.6368220e+02   2.3591671e+02
   8.6362828e+02   3.9091957e+02
   8.6428930e+02   5.4747875e+02
   8.6586156e+02   5.8348414e+01
   8.6474678e+02   8.9758901e+02
   8.6695123e+02   3.0383351e+02
   8.6743752e+02   9.4064964e+02
   8.7305256e+02   1.9291435e+01
   8.7186132e+02   7.3368920e+02
   8.7260988e+02   9.8183717e+02
   8.7324787e+02   2.0123773e+02
   8.7285450e+02   4.3127918e+02
   8.7325306e+02   5.0680143e+02
   8.7455901e+02   1.0003981e+02
   8.7540903e+02   2.7601036e+02
   8.7474700e+02   3.2916243e+02
   8.7739606e+02   6.7401255e+02
   8.7695765e+02   7.5592118e+02
   8.8033085e+02   7.8341578e+01
   8.8068894e+02   8.4352254e+02
   8.8074866e+02   7.8070968e+02
   8.7999188e+02   9.1540174e+02
   8.8625602e+02   8.6807661e+02
   8.8798437e+02   4.4765597e+02
   8.9004803e+02   5.5629995e+01
   8.8968884e+02   4.6957129e+02
   8.9013139e+02   3.9540192e+02
   8.9022434e+02   5.8701109e+02
   8.9451334e+02   2.8946087e+02
   8.9675555e+02   2.1546330e+02
   9.0140993e+02   5.3700636e+02
   9.0204116e+02   7.7796975e+02
   9.0848493e+02   4.5370183e+02
   9.0709370e+02   6.0413274e+02
   9.0794887e+02   8.8914971e+02
   9.1049232e+02   7.5253823e+02
   9.1214380e+02   6.4697534e+02
   9.1376846e+02   1.3761478e+02
   9.1440394e+02   2.4579911e+01
   9.1350260e+02   1.8255863e+02
   9.1346806e+02   2.0575209e+02
   9.1561957e+02   5.8597417e+02
   9.1594396e+02   9.3562796e+02
   9.1788922e+02   3.5009089e+02
   9.1802089e+02   7.9528477e+02
   9.1962292e+02   4.2898709e+02
   9.2150264e+02   1.1508245e+02
   9.2167558e+02   9.7505899e+02
   9.2272479e+02   6.6896232e+02
   9.2540553e+02   9.1086162e+02
   9.2520141e+02   8.7132593e+02
   9.2856675e+02   7.2412427e+01
   9.3053001e+02   4.9671970e+02
   9.3252554e+02   7.1023935e+02
   9.3291487e+02   2.1861121e+02
   9.3545670e+02   1.9525413e+02
   9.3610945e+02   2.6456869e+02
   9.3598999e+02   2.8763260e+02
   9.3666344e+02   3.1154454e+02
   9.3793722e+02   1.8194762e+01
   9.3812768e+02   9.2887029e+02
   9.4103097e+02   7.3463454e+02
   9.4328818e+02   3.8525821e+02
   9.4375322e+02   9.7438561e+02
   9.4799233e+02   1.1660335e+02
   9.5044930e+02   6.6141869e+02
   9.5345521e+02   2.3024492e+02
   9.5436638e+02   2.0761631e+02
   9.5666865e+02   5.0586449e+02
   9.5603332e+02   6.0065861e+02
   9.5663732e+02   2.5431153e+02
   9.5776643e+02   2.7560862e+02
   9.5809789e+02   6.4218085e+02
   9.5779855e+02   9.9318509e+02
   9.5836503e+02   3.9901150e+02
   9.5840140e+02   4.4375835e+02
   9.6019247e+02   3.6779668e+02
   9.6079591e+02   1.8902326e+02
   9.6058001e+02   5.2753357e+02
   9.6319309e+02   9.5979210e+01
   9.6297558e+02   7.4478425e+02
   9.6370434e+02   8.2258168e+02
   9.6296585e+02   5.7725592e+02
   9.7082604e+02   1.1569106e+02
   9.7058871e+02   4.1925081e+02
   9.7124167e+02   5.5765335e+02
   9.7226484e+02   4.6466611e+02
   9.7179397e+02   8.8211221e+02
   9.7340060e+02   2.1874391e+02
   9.7649062e+02   7.7516227e+01
   9.7620090e+02   3.8272961e+02
   9.7997408e+02   5.1619186e+02
   9.8063170e+02   9.8027236e+02
   9.8155132e+02   3.5795443e+02
   9.8462050e+02   7.3329243e+02
   9.8643985e+02   8.6526765e+02
   9.8886532e+02   1.9279108e+02
   9.9084692e+02   6.0369640e+01
   9.9105832e+02   1.2533012e+02
   9.9599429e+02   5.5420394e+02
   9.9853326e+02   2.4847095e+02
   9.9777660e+02   5.0008397e+02
   9.9963902e+02   6.4924379e+02
   1.0005768e+03   6.7046344e+02
   1.0000908e+03   4.5925626e+02
   1.0013235e+03   6.9636248e+02
   1.0027027e+03   2.7906282e+02
   1.0026921e+03   5.2998872e+02
   1.0035086e+03   7.4342235e+02
   1.0042138e+03   7.7229510e+02
   1.0066039e+03   1.0965012e+02
   1.8931976e+01   7.4346205e+02
   1.9639805e+01   4.0031329e+02
   3.1193944e+01   4.5683018e+02
   3.5814124e+01   1.0027024e+02
   3.8185591e+01   6.8921110e+02
   4.3726447e+01   7.0745772e+02
   5.3420446e+01   1.6672578e+02
   5.1909285e+01   5.6151516e+02
   5.5973265e+01   1.0024870e+02
   5.4650886e+01   5.1655052e+02
   5.6845577e+01   1.9010451e+02
   5.5757157e+01   5.4041475e+02
   5.7781206e+01   2.1358193e+02
   5.8694517e+01   6.8295267e+02
   6.5986134e+01   2.5803372e+02
   7.4000000e+01   6.8400000e+02
   7.6236038e+01   4.5354520e+02
   7.8901380e+01   2.9971560e+02
   8.0757167e+01   3.6166695e+02
   8.0635190e+01   3.7806268e+02
   8.4664061e+01   1.9502586e+02
   8.5782859e+01   7.0293747e+02
   8.6521609e+01   9.6197119e+02
   8.9253894e+01   1.4813138e+02
   9.1484197e+01   1.2420767e+02
   9.2159504e+01   6.4491440e+02
   9.1299521e+01   6.7926051e+02
   9.3179927e+01   4.5264748e+02
   9.7581020e+01   3.0316262e+02
   1.0519114e+02   8.4749602e+02
   1.0614775e+02   5.9592779e+02
   1.0691711e+02   1.9154535e+02
   1.0750660e+02   4.9060150e+02
   1.0902227e+02   3.9227864e+02
   1.1031525e+02   3.4938001e+02
   1.1102801e+02   4.5415069e+02
   1.1174701e+02   1.5781519e+02
   1.1700861e+02   8.6551813e+02
   1.1709950e+02   1.7404925e+02
   1.1713578e+02   9.9521295e+02
   1.1771841e+02   8.2969574e+02
   1.1845365e+02   1.1902083e+02
   1.2036042e+02   2.0091925e+02
   1.2113652e+02   4.3123215e+02
   1.2228329e+02   6.1659111e+02
   1.2634762e+02   5.3797475e+02
   1.2792682e+02   3.3477308e+02
   1.2879028e+02   6.9219237e+02
   1.2925243e+02   8.4705425e+02
   1.3059899e+02   9.8101171e+02
   1.3836232e+02   1.8714757e+02
   1.3809763e+02   4.1445679e+02
   1.4191743e+02   7.2997966e+02
   1.4235032e+02   7.1115037e+02
   1.4439979e+02   4.3948486e+02
   1.5213123e+02   1.5049945e+02
   1.5300000e+02   2.0200000e+02
   1.5501584e+02   8.1011380e+02
   1.5742692e+02   1.7976777e+02
   1.5803488e+02   7.7414219e+02
   1.5868267e+02   2.1464779e+02
   1.6155360e+02   8.7114733e+02
   1.6210030e+02   7.1354670e+02
   1.6393769e+02   4.9141268e+02
   1.6713488e+02   7.3777894e+02
   1.6851079e+02   1.8146458e+02
   1.7119800e+02   9.7009617e+02
   1.7279447e+02   2.4120942e+02
   1.7401988e+02   5.5554907e+01
   1.7458427e+02   3.8407473e+02
   1.7454380e+02   1.6338068e+02
   1.7647051e+02   6.9724889e+02
   1.7563984e+02   7.5623646e+02
   1.7617935e+02   8.5731692e+02
   1.7759668e+02   9.9031717e+02
   1.7835498e+02   9.9898598e+01
   1.8138560e+02   9.1444822e+02
   1.8491394e+02   4.8751488e+02
   1.9179392e+02   4.7428480e+02
   1.9064333e+02   8.9475420e+02
   1.9127878e+02   5.2780754e+02
   1.9201427e+02   1.7337062e+02
   1.9413211e+02   6.0214049e+01
   1.9573340e+02   1.5326750e+02
   1.9596763e+02   8.0205511e+02
   1.9487445e+02   9.7867967e+02
   1.9813874e+02   4.5124518e+02
   1.9791714e+02   5.7967173e+02
   2.0173051e+02   3.7925766e+02
   2.0788995e+02   7.7752622e+02
   2.1319178e+02   9.6429429e+02
   2.1416541e+02   4.9087401e+02
   2.1724334e+02   3.9539875e+02
   2.1684086e+02   5.2620912e+02
   2.1762015e+02   1.6137441e+02
   2.2169065e+02   3.4245323e+02
   2.2230296e+02   5.8243352e+01
   2.2338469e+02   8.7146609e+02
   2.3017434e+02   7.7305635e+02
   2.3170279e+02   9.7433780e+02
   2.3278894e+02   3.6197445e+02
   2.3621841e+02   4.4701268e+02
   2.3946509e+02   7.5339372e+02
   2.4290980e+02   5.2112278e+01
   2.4390876e+02   4.0774261e+02
   2.4620150e+02   3.4541869e+02
   2.5052065e+02   6.1080411e+02
   2.5249813e+02   2.1282988e+02
   2.5553396e+02   3.6631802e+02
   2.5565214e+02   9.7568432e+02
   2.5759154e+02   4.4469522e+02
   2.5885901e+02   1.2985465e+02
   2.6323014e+02   9.3896846e+02
   2.6337563e+02   7.5927372e+02
   2.6398720e+02   4.7810236e+01
   2.6455928e+02   8.7887070e+02
   2.6764132e+02   3.4797280e+02
   2.6737495e+02   3.9942443e+02
   2.6687656e+02   9.6240134e+02
   2.7085040e+02   4.6367070e+02
   2.7384487e+02   7.4088539e+02
   2.7881924e+02   3.9622656e+02
   2.8069063e+02   6.1890566e+01
   2.8245410e+02   7.0307968e+02
   2.8440815e+02   8.4529243e+02
   2.8730402e+02   5.2390651e+02
   2.9309537e+02   5.0017993e+02
   2.9533570e+02   4.3356447e+02
   3.0006835e+02   4.7639525e+02
   3.0231734e+02   5.3884595e+02
   3.0308095e+02   7.0284279e+02
   3.0427960e+02   1.2261183e+02
   3.0578415e+02   1.4375295e+02
   3.0599421e+02   4.5301814e+02
   3.0627174e+02   5.1897023e+02
   3.0541340e+02   9.8128638e+02
   3.0982773e+02   6.8069405e+02
   3.1190182e+02   4.2563094e+02
   3.1220770e+02   4.9603967e+02
   3.1420151e+02   1.0402877e+02
   3.1850022e+02   9.0295423e+02
   3.2031354e+02   5.7214014e+02
   3.2229900e+02   2.6774475e+02
   3.2340098e+02   9.2281321e+02
   3.2504228e+02   5.5319554e+02
   3.2675513e+02   5.3323731e+02
   3.2915270e+02   5.1305600e+02
   3.3632924e+02   2.7735942e+02
   3.3726829e+02   4.3977469e+02
   3.3902381e+02   9.0464173e+02
   3.4160489e+02   5.8307062e+02
   3.4317610e+02   8.0288450e+01
   3.4619206e+02   5.4701989e+02
   3.4624334e+02   8.6875542e+02
   3.4829523e+02   1.4321510e+02
   3.5041051e+02   5.0377497e+02
   3.5125163e+02   1.2395007e+02
   3.5152249e+02   5.9946450e+02
   3.5334956e+02   4.5680972e+02
   3.5311893e+02   8.5361612e+02
   3.5390233e+02   6.6153093e+02
   3.5658330e+02   6.4598461e+02
   3.6024111e+02   2.8575971e+02
   3.6011941e+02   8.3122107e+02
   3.6141110e+02   2.4274054e+02
   3.6458917e+02   7.3105302e+02
   3.6672545e+02   1.5806529e+02
   3.6627915e+02   4.5417692e+02
   3.6869880e+02   5.1811442e+02
   3.6843614e+02   8.6651292e+02
   3.7200184e+02   6.7326326e+02
   3.7439408e+02   6.0141930e+02
   3.7620647e+02   4.7637430e+02
   3.7846559e+02   3.5304835e+02
   3.7742206e+02   8.4404931e+02
   3.7797111e+02   2.6160846e+02
   3.7957904e+02   7.1868441e+02
   3.8311257e+02   8.8436075e+02
   3.8321104e+02   3.1914743e+01
   3.8751619e+02   4.5748461e+02
   3.8903536e+02   5.5505487e+02
   3.9014204e+02   8.6417232e+02
   3.9104264e+02   7.8404920e+02
   3.9316937e+02   3.3542247e+02
   4.0354561e+02   5.7665525e+02
   4.0871691e+02   6.0406420e+02
   4.1300027e+02   3.3372366e+02
   4.1616686e+02   2.0822606e+02
   4.1718848e+02   3.0950252e+02
   4.1762702e+02   6.9350391e+02
   4.2057820e+02   5.2543832e+02
   4.2251287e+02   3.5842524e+02
   4.2465886e+02   9.5823079e+02
   4.2739107e+02   1.0020816e+03
   4.2906252e+02   1.7091010e+02
   4.3178414e+02   5.6965403e+02
   4.3549326e+02   4.0893304e+02
   4.3565450e+02   3.1972616e+02
   4.3652474e+02   7.0228509e+02
   4.3665006e+02   3.4068979e+02
   4.3933366e+02   2.6674921e+02
   4.3830662e+02   6.8055986e+02
   4.4324692e+02   5.2231286e+02
   4.4539975e+02   9.6339418e+02
   4.4852628e+02   2.4706195e+02
   4.5242144e+02   2.2191042e+02
   4.5402394e+02   6.1901416e+02
   4.5580341e+02   9.2534480e+02
   4.5788571e+02   1.3722065e+02
   4.6034528e+02   5.3506753e+02
   4.6519801e+02   2.6533994e+02
   4.6827639e+02   5.7470949e+02
   4.6704391e+02   8.8237903e+02
   4.6839099e+02   3.6085054e+02
   4.7362128e+02   6.1623319e+02
   4.8554991e+02   9.5429929e+02
   4.8861796e+02   2.3960740e+02
   4.8908167e+02   9.7323863e+02
   4.9320726e+02   1.0102052e+02
   4.9350972e+02   2.9879972e+02
   4.9460093e+02   5.8309307e+02
   4.9788507e+02   2.5965580e+02
   4.9810818e+02   4.8214034e+02
   5.0108818e+02   8.4862772e+02
   5.0709701e+02   5.0563183e+02
   5.0853555e+02   4.2450619e+02
   5.0938785e+02   1.5468064e+02
   5.0921049e+02   2.8122852e+02
   5.1267181e+02   4.6493455e+02
   5.1507867e+02   5.8940356e+02
   5.1672608e+02   5.2500803e+02
   5.1670886e+02   7.1458919e+02
   5.1787415e+02   7.5193540e+02
   5.1647927e+02   8.3711907e+02
   5.2008252e+02   8.5881746e+02
   5.2240976e+02   2.2106069e+02
   5.2287733e+02   5.4746937e+02
   5.2391999e+02   3.2198323e+02
   5.2481895e+02   9.3939430e+02
   5.2620324e+02   6.8627526e+01
   5.2628616e+02   1.6238224e+02
   5.2789663e+02   4.0319850e+02
   5.2801371e+02   6.5230099e+02
   5.3558693e+02   6.3357921e+02
   5.3667071e+02   9.0244731e+02
   5.3939784e+02   7.8697024e+02
   5.3904669e+02   8.4636091e+02
   5.4158103e+02   7.1294739e+02
   5.4478789e+02   2.6293855e+02
   5.4714788e+02   6.3440714e+01
   5.5437232e+02   8.4741828e+02
   5.6412301e+02   1.4007814e+02
   5.6331834e+02   7.1272206e+02
   5.6602256e+02   5.2973724e+02
   5.6799137e+02   5.7937828e+01
   5.6836256e+02   2.9711514e+02
   5.6892490e+02   9.6507207e+02
   5.7137066e+02   1.1627213e+02
   5.7312634e+02   2.2674297e+02
   5.7706580e+02   3.6929961e+02
   5.7759267e+02   1.9760696e+02
   5.7751768e+02   6.9249866e+02
   5.8036000e+02   7.3623738e+01
   5.8571689e+02   6.5469815e+02
   5.8783940e+02   2.8872703e+02
   5.8912728e+02   9.9600209e+02
   5.9036186e+02   2.1209058e+02
   5.9303993e+02   2.6874603e+02
   6.0047879e+02   6.9191684e+02
   6.0213585e+02   7.9238785e+01
   6.0614926e+02   1.6242657e+02
   6.0701292e+02   3.0698830e+02
   6.0684654e+02   1.0064908e+03
   6.0819541e+02   9.9301521e+01
   6.0738997e+02   7.8941430e+02
   6.0897899e+02   8.4201703e+02
   6.1039571e+02   1.4415873e+02
   6.1205504e+02   7.5183403e+02
   6.1414389e+02   6.2469458e+02
   6.1866769e+02   5.7738043e+02
   6.1831103e+02   8.9012458e+02
   6.2017657e+02   7.7560007e+02
   6.2228456e+02   8.6426966e+01
   6.2163838e+02   8.5000965e+02
   6.2421603e+02   7.5707211e+02
   6.2678861e+02   9.2895583e+02
   6.2655870e+02   1.3168803e+02
   6.2805240e+02   1.1156521e+02
   6.2925481e+02   1.5918272e+02
   6.3111814e+02   6.5850175e+02
   6.3387141e+02   6.1286038e+02
   6.3845796e+02   1.7855818e+02
   6.4297923e+02   5.6911441e+02
   6.4371764e+02   9.5133398e+02
   6.4683316e+02   1.2011527e+02
   6.4753569e+02   6.7230941e+02
   6.4917150e+02   3.1656572e+02
   6.4886152e+02   6.9189080e+02
   6.5320749e+02   2.5447440e+02
   6.5405104e+02   6.2736825e+02
   6.5596183e+02   6.0589033e+02
   6.5714801e+02   3.3682157e+02
   6.5843582e+02   2.7544335e+02
   6.5872035e+02   9.6869390e+02
   6.6077399e+02   5.8989169e+01
   6.6262492e+02   1.8595253e+02
   6.6179468e+02   8.4102834e+02
   6.6502091e+02   2.9746179e+02
   6.6396105e+02   5.8578871e+02
   6.7057127e+02   3.1816171e+02
   6.7128712e+02   7.3704446e+02
   6.7323778e+02   1.5058968e+02
   6.7366117e+02   5.5911783e+02
   6.7560455e+02   4.6134208e+01
   6.7826885e+02   5.9822986e+02
   6.8806805e+02   2.1997532e+02
   6.8810355e+02   3.6431802e+02
   6.9180623e+02   3.2383207e+02
   6.9219961e+02   7.4031501e+02
   6.9579445e+02   1.6234354e+02
   6.9411329e+02   6.5685817e+02
   6.9956654e+02   9.8080305e+02
   7.0762375e+02   3.0988773e+02
   7.0948553e+02   1.1637855e+02
   7.0891580e+02   1.7807148e+02
   7.1278732e+02   3.2831021e+02
   7.1337548e+02   2.4420293e+02
   7.1269496e+02   6.7181888e+02
   7.1745694e+02   4.5717123e+01
   7.1731174e+02   5.3808600e+02
   7.2059970e+02   3.8867200e+02
   7.2245304e+02   1.6103496e+02
   7.2478841e+02   4.9205749e+02
   7.3335488e+02   1.9248173e+02
   7.3482304e+02   5.9769869e+02
   7.3659270e+02   7.8689992e+02
   7.3682096e+02   6.2169535e+02
   7.4086386e+02   7.4688335e+02
   7.4381172e+02   8.3169797e+02
   7.4388130e+02   8.0870713e+02
   7.4757048e+02   9.4552837e+01
   7.4691273e+02   2.3187283e+02
   7.4822882e+02   2.5737234e+02
   7.4982134e+02   7.7051841e+02
   7.4843525e+02   8.5273479e+02
   7.5116166e+02   6.8694126e+02
   7.5507086e+02   3.7144776e+02
   7.5782601e+02   5.1751415e+02
   7.5909512e+02   6.2884804e+02
   7.5918056e+02   9.9613809e+02
   7.6208524e+02   1.9561497e+02
   7.6169806e+02   4.1579464e+02
   7.6696005e+02   7.0860167e+02
   7.7424026e+02   9.5002807e+02
   7.7906765e+02   4.9900529e+01
   7.7784377e+02   6.8978832e+02
   7.7861390e+02   3.7768962e+02
   7.7904139e+02   7.9816775e+02
   7.8109647e+02   2.0592887e+02
   7.8166618e+02   6.3363724e+02
   7.8070361e+02   7.4674269e+02
   7.8211854e+02   9.3000968e+02
   7.8284639e+02   2.3445098e+02
   7.8330282e+02   7.2644543e+02
   7.9184937e+02   7.6013307e+01
   7.9070052e+02   6.1228376e+02
   7.9235221e+02   2.7401162e+02
   7.9250430e+02   3.3788925e+02
   7.9449715e+02   6.5186809e+02
   7.9589124e+02   9.5710538e+01
   7.9998868e+02   2.5227943e+02
   8.0233522e+02   1.7282153e+02
   8.0157175e+02   1.9462932e+02
   8.0174140e+02   4.4226110e+02
   8.0270705e+02   3.0825169e+02
   8.0309950e+02   8.0330434e+02
   8.0460242e+02   6.2856671e+02
   8.0599733e+02   4.6400705e+02
   8.0750760e+02   1.0070142e+03
   8.0896302e+02   8.6517170e+02
   8.0996599e+02   2.3226348e+02
   8.1041220e+02   5.4710730e+02
   8.1542177e+02   8.8164756e+01
   8.1962193e+02   2.1197159e+02
   8.2074565e+02   5.3358125e+02
   8.1980569e+02   5.6987952e+02
   8.1968145e+02   7.5748961e+02
   8.2438001e+02   8.0695453e+02
   8.2573685e+02   4.7099987e+02
   8.3034267e+02   5.5640848e+02
   8.3142609e+02   2.3783508e+02
   8.3242433e+02   7.4246943e+02
   8.3762465e+02   2.6614214e+02
   8.3763391e+02   5.1637193e+02
   8.3796590e+02   7.0471062e+02
   8.3822720e+02   7.6625428e+02
   8.3854855e+02   2.2570058e+02
   8.3886065e+02   5.7716004e+02
   8.4178628e+02   1.0021500e+03
   8.4356587e+02   5.4034859e+02
   8.4386657e+02   8.5018810e+02
   8.4429243e+02   6.5226036e+02
   8.5094120e+02   9.8405974e+02
   8.5247084e+02   1.0493500e+02
   8.5220054e+02   1.9161553e+02
   8.5520411e+02   6.7366734e+02
   8.5807990e+02   4.1367174e+02
   8.5796105e+02   8.3628608e+02
   8.5962499e+02   2.1368892e+02
   8.5921617e+02   5.2299210e+02
   8.6465656e+02   1.2468668e+02
   8.6484221e+02   7.9626737e+02
   8.6603645e+02   8.5568949e+02
   8.6711548e+02   1.6437265e+02
   8.6745451e+02   7.1159208e+02
   8.7352399e+02   1.5141175e+02
   8.7683363e+02   2.2839640e+02
   8.7714555e+02   3.5416647e+02
   8.7931489e+02   5.3074395e+02
   8.7988112e+02   2.5259512e+02
   8.8328425e+02   1.2069852e+02
   8.8549443e+02   6.9873983e+02
   8.8784036e+02   8.9530167e+02
   8.9000510e+02   1.7090003e+02
   8.9329858e+02   7.3769336e+02
   8.9535604e+02   3.2631546e+01
   8.9421496e+02   1.9146351e+02
   8.9587047e+02   8.2501569e+02
   8.9646823e+02   2.6344398e+02
   8.9777728e+02   1.1847692e+02
   8.9863946e+02   1.0280381e+02
   8.9990492e+02   5.6656837e+02
   9.0047423e+02   3.6754234e+02
   9.0411891e+02   1.5563990e+02
   9.0841226e+02   8.4156895e+02
   9.0805097e+02   7.0660263e+02
   9.0804604e+02   9.5549991e+02
   9.1019921e+02   4.7852538e+02
   9.1308402e+02   2.9965721e+02
   9.1445567e+02   2.2964557e+02
   9.1455724e+02   3.8660548e+02
   9.1547084e+02   8.2029504e+02
   9.1572645e+02   8.6116063e+02
   9.1586593e+02   2.5487553e+02
   9.1574398e+02   4.0808381e+02
   9.1681006e+02   2.7912930e+02
   9.2110451e+02   5.1983925e+02
   9.2842296e+02   1.5766910e+02
   9.2889705e+02   9.5483937e+02
   9.3246156e+02   2.4327012e+02
   9.3249724e+02   5.3832629e+02
   9.3228241e+02   8.2743541e+02
   9.3713183e+02   8.9261571e+02
   9.3706811e+02   9.9242781e+02
   9.3973937e+02   9.2771384e+01
   9.4020235e+02   3.6066985e+02
   9.4168181e+02   5.2850919e+01
   9.4226201e+02   7.8754863e+02
   9.4348932e+02   8.5418846e+02
   9.4659179e+02   7.6026855e+02
   9.5002710e+02   8.7707894e+02
   9.5257733e+02   4.5953353e+02
   9.5440831e+02   3.5115739e+01
   9.5602976e+02   2.9926651e+02
   9.5506812e+02   8.4336869e+02
   9.5923180e+02   6.9787928e+02
   9.6180635e+02   7.7084232e+02
   9.6108738e+02   9.2802833e+02
   9.6421856e+02   8.0443737e+02
   9.6894548e+02   6.1830547e+02
   9.6988933e+02   1.6096356e+02
   9.7004458e+02   5.7062093e+01
   9.7689050e+02   3.3254393e+02
   9.7520192e+02   5.9642093e+02
   9.7962897e+02   6.3544896e+02
   9.8006147e+02   8.4321490e+02
   9.8074703e+02   4.0069778e+02
   9.8299495e+02   6.8668390e+02
   9.8371285e+02   7.5651308e+02
   9.8466096e+02   9.3322883e+02
   9.8740640e+02   1.7199621e+02
   9.8867840e+02   9.5991488e+02
   9.8945447e+02   1.0380195e+02
   9.9165144e+02   2.3640101e+02
   9.9149737e+02   8.2673730e+02
   9.9303719e+02   4.7953942e+02
   9.9355147e+02   6.2024919e+02
   9.9314027e+02   8.0742310e+02
   9.9432801e+02   7.9183236e+02
   9.9777802e+02   8.4777562e+02
   9.9862102e+02   2.9996885e+02
   9.9759472e+02   8.8556755e+02
   9.9860670e+02   3.6982202e+02
   1.0009141e+03   3.3829546e+02
   1.0040746e+03   3.4981024e+02
   1.8677806e+01   9.6401922e+02
   3.5950695e+01   1.7982082e+02
   3.8022867e+01   1.1951400e+02
   3.9010190e+01   2.0126360e+02
   3.9369402e+01   4.0875130e+02
   4.0487575e+01   5.8084683e+02
   4.1546422e+01   3.9107606e+02
   4.3828491e+01   4.7260747e+02
   4.4742549e+01   3.7498264e+02
   5.2078070e+01   4.5327585e+02
   5.4129907e+01   1.2024948e+02
   6.1718916e+01   4.3370916e+02
   6.1917745e+01   3.9542566e+02
   6.2861937e+01   3.8097448e+02
   7.0522614e+01   1.5643734e+02
   7.2807053e+01   1.1997067e+02
   7.3608856e+01   8.1382510e+02
   7.5917121e+01   5.2767675e+02
   7.5335036e+01   5.4852841e+02
   7.6328824e+01   4.1558565e+02
   7.7779004e+01   2.1418049e+02
   7.7908216e+01   9.1362468e+02
   8.1013707e+01   4.3392944e+02
   8.3304877e+01   2.5488428e+02
   8.6729353e+01   4.7505185e+02
   9.1092887e+01   5.1290614e+02
   9.3609519e+01   3.4271463e+02
   9.4034768e+01   4.9334545e+02
   9.9125266e+01   3.6639068e+02
   1.0208849e+02   6.6088566e+02
   1.0565146e+02   1.3959875e+02
   1.1169859e+02   5.5643513e+02
   1.1540872e+02   3.7206260e+02
   1.1701187e+02   6.7651760e+02
   1.3134193e+02   3.9541694e+02
   1.3117141e+02   5.6190039e+02
   1.3245557e+02   3.5438475e+02
   1.3578235e+02   5.1909277e+02
   1.3677724e+02   1.0004317e+03
   1.3852210e+02   5.8242938e+02
   1.3841593e+02   6.7292106e+02
   1.3981075e+02   1.1998906e+02
   1.4556549e+02   7.9080604e+02
   1.5044565e+02   3.5786132e+02
   1.5055245e+02   3.7895921e+02
   1.5754578e+02   1.3232749e+02
   1.6749125e+02   4.7157205e+02
   1.7247193e+02   2.2200183e+02
   1.7318988e+02   5.2991916e+02
   1.7836476e+02   8.0985728e+02
   1.7892457e+02   2.7922287e+02
   1.8023680e+02   4.5719975e+02
   1.8374046e+02   2.1678333e+02
   1.9180871e+02   8.5852169e+01
   1.9500000e+02   7.6400000e+02
   1.9563240e+02   5.5876796e+02
   2.0350411e+02   5.4360119e+02
   2.0459756e+02   5.0873342e+02
   2.0780235e+02   4.4506574e+01
   2.0968362e+02   3.6002406e+02
   2.1530421e+02   3.2215136e+02
   2.1459487e+02   5.6194741e+02
   2.1976538e+02   2.6103380e+02
   2.2343672e+02   9.2792764e+02
   2.2368795e+02   3.7604083e+02
   2.2419599e+02   4.1446803e+02
   2.2530421e+02   5.0864079e+02
   2.2918422e+02   1.7923798e+02
   2.4046087e+02   4.2732394e+02
   2.6827235e+02   8.5939294e+02
   2.7472453e+02   9.8322143e+02
   2.7760319e+02   4.4049517e+02
   2.7904934e+02   4.1770450e+02
   2.8062492e+02   4.8081771e+02
   2.8442114e+02   8.7341423e+02
   2.8569689e+02   4.7419573e+01
   2.8780288e+02   9.6667033e+02
   2.9308439e+02   8.5764049e+02
   3.0178391e+02   5.6509777e+01
   3.0274999e+02   2.7556452e+02
   3.0823683e+02   9.6028926e+02
   3.1228601e+02   9.4055216e+02
   3.1581272e+02   6.6189886e+02
   3.1917026e+02   7.2008691e+02
   3.2071759e+02   4.4455895e+02
   3.2130363e+02   6.5968880e+01
   3.2069232e+02   7.3634415e+02
   3.2305125e+02   8.7387411e+01
   3.3203156e+02   4.9247559e+02
   3.4352064e+02   8.1776561e+02
   3.4489495e+02   5.6350554e+02
   3.4829936e+02   5.2536154e+02
   3.5316519e+02   2.6541501e+02
   3.5782007e+02   9.0980615e+02
   3.6262636e+02   3.5830389e+01
   3.6409925e+02   3.0636933e+02
   3.6371754e+02   5.8148565e+02
   3.6667696e+02   5.3925100e+02
   3.6923025e+02   2.2236886e+02
   3.7406450e+02   4.9700495e+01
   3.7792574e+02   9.0552441e+02
   3.8240811e+02   2.4137355e+02
   3.8263078e+02   8.0333402e+02
   3.9271460e+02   6.1192781e+02
   4.0009930e+02   3.5507409e+02
   4.0705247e+02   5.3823637e+02
   4.1127451e+02   3.4892406e+02
   4.1406801e+02   5.5718168e+02
   4.2191458e+02   6.7974135e+02
   4.2615996e+02   4.5024709e+02
   4.3177158e+02   4.7130226e+02
   4.3156588e+02   3.7110793e+02
   4.3318582e+02   6.5814495e+02
   4.3841789e+02   4.9419181e+02
   4.4772668e+02   3.5746964e+02
   4.4749926e+02   9.4674499e+02
   4.5187577e+02   5.9873873e+02
   4.5560351e+02   3.9771743e+02
   4.5777670e+02   5.0516965e+02
   4.5917695e+02   3.7779742e+02
   4.6470754e+02   2.1191436e+02
   4.6765586e+02   2.4335492e+02
   4.6986375e+02   4.2711214e+02
   4.7199070e+02   4.0516622e+02
   4.7314996e+02   2.9174929e+02
   4.7203212e+02   4.5001495e+02
   4.7325170e+02   5.5212743e+02
   4.7369406e+02   3.8382934e+02
   4.7417173e+02   5.1303965e+02
   4.8640507e+02   4.9826382e+02
   4.8982205e+02   1.6023329e+02
   4.9009745e+02   5.5743343e+02
   4.9151803e+02   4.6113978e+02
   4.9452002e+02   5.2084950e+02
   5.0211041e+02   5.4284107e+02
   5.0718645e+02   9.5630432e+02
   5.2989841e+02   7.6960168e+02
   5.3982425e+02   9.2284859e+02
   5.4158449e+02   2.1390694e+02
   5.4213139e+02   7.4988606e+02
   5.5129830e+02   7.6697284e+02
   5.5156024e+02   2.8467632e+02
   5.5231384e+02   6.2099552e+02
   5.5359607e+02   8.0467294e+02
   5.5635688e+02   2.2693474e+02
   5.5632345e+02   3.6558345e+02
   5.5905700e+02   2.4704425e+02
   5.5943830e+02   2.0479643e+02
   5.6090393e+02   9.0964088e+02
   5.6162368e+02   3.4692259e+02
   5.6280347e+02   7.4826065e+02
   5.6669337e+02   9.4758353e+02
   5.6751278e+02   8.8300119e+02
   5.6928065e+02   8.6629518e+02
   5.7112716e+02   8.2005962e+02
   5.7514893e+02   9.8824701e+02
   5.7991280e+02   8.5201994e+02
   5.8097275e+02   3.3995257e+02
   5.8757178e+02   7.4942605e+02
   5.8680233e+02   8.7127173e+02
   5.8699889e+02   9.3410777e+02
   5.8840525e+02   9.5320220e+02
   5.9184212e+02   9.7393328e+02
   5.9812689e+02   7.6811132e+02
   5.9936647e+02   1.9014358e+02
   6.0610049e+02   9.3254163e+02
   6.0769786e+02   2.3183016e+02
   6.0893661e+02   8.7294663e+02
   6.1283303e+02   2.0342141e+02
   6.1379644e+02   2.8803410e+02
   6.1557719e+02   2.6664198e+02
   6.2452029e+02   9.8907698e+02
   6.2530706e+02   1.9122818e+02
   6.2500000e+02   2.7600000e+02
   6.2628369e+02   5.5938175e+02
   6.2568437e+02   8.2579012e+02
   6.2823413e+02   8.7300167e+02
   6.3038062e+02   4.4951132e+02
   6.3312859e+02   6.3455950e+02
   6.3515953e+02   2.3654625e+02
   6.3700308e+02   9.9114436e+02
   6.4095452e+02   5.1422004e+01
   6.4340816e+02   8.3380799e+02
   6.4996664e+02   6.4781858e+02
   6.5444048e+02   5.6367683e+02
   6.5828059e+02   5.4515004e+02
   6.7438468e+02   9.8374940e+02
   6.8567134e+02   8.1738398e+02
   6.9774338e+02   5.2852591e+02
   7.0871095e+02   2.2448444e+02
   7.1025132e+02   6.9210861e+02
   7.1447580e+02   6.5198965e+02
   7.1774030e+02   6.2854069e+02
   7.2435662e+02   2.1154417e+02
   7.2513471e+02   7.0531481e+02
   7.2480600e+02   8.2360035e+02
   7.2994673e+02   8.0267223e+02
   7.3050120e+02   2.4573875e+02
   7.3184614e+02   6.4559655e+02
   7.3400856e+02   3.6765032e+02
   7.3435212e+02   6.6715696e+02
   7.4575187e+02   2.0748449e+02
   7.4627896e+02   7.0633512e+02
   7.4968071e+02   6.6091093e+02
   7.5267582e+02   5.6180818e+02
   7.5887704e+02   5.1411293e+01
   7.6104916e+02   3.9525151e+02
   7.6147922e+02   7.5302993e+02
   7.6557538e+02   2.4498345e+02
   7.7022618e+02   5.6851864e+02
   7.7009812e+02   6.7156912e+02
   7.7272639e+02   6.7788627e+01
   7.7388217e+02   5.5519506e+02
   7.7301545e+02   6.1542670e+02
   7.7357321e+02   3.3580092e+02
   7.7700600e+02   3.9899975e+02
   7.8214772e+02   2.5370016e+02
   7.8765358e+02   2.9442929e+02
   7.8788153e+02   5.4210649e+02
   7.8806130e+02   5.7142724e+02
   7.9248460e+02   7.8175900e+02
   7.9514614e+02   9.1961862e+02
   8.0043520e+02   5.5695418e+02
   8.0172788e+02   6.8947077e+02
   8.0792079e+02   2.9141387e+02
   8.0714736e+02   9.8744510e+02
   8.0949240e+02   1.2376177e+02
   8.1000000e+02   3.2900000e+02
   8.1089118e+02   8.2367190e+02
   8.1266437e+02   3.8198490e+02
   8.1355877e+02   2.7244686e+02
   8.1401723e+02   6.4153806e+02
   8.1900759e+02   6.8204647e+02
   8.2057886e+02   8.4275494e+02
   8.2243152e+02   3.6494508e+02
   8.2300931e+02   4.0264415e+02
   8.2289196e+02   6.6001642e+02
   8.2331216e+02   9.9211982e+02
   8.2998053e+02   8.6179232e+02
   8.3100000e+02   5.2600000e+02
   8.3293389e+02   8.0179520e+01
   8.3652442e+02   1.0151077e+02
   8.3620928e+02   3.3342174e+02
   8.3688741e+02   6.7355218e+02
   8.3822216e+02   3.5364708e+02
   8.4026777e+02   1.1725534e+02
   8.4189067e+02   4.5694455e+02
   8.4385246e+02   3.7065753e+02
   8.5168555e+02   2.8130251e+02
   8.5018870e+02   3.1950708e+02
   8.5194978e+02   6.9853383e+02
   8.5317770e+02   1.3060597e+02
   8.5686311e+02   3.4006812e+02
   8.5812214e+02   2.6350842e+02
   8.6162857e+02   3.6437302e+02
   8.7063389e+02   8.7841529e+02
   8.7726839e+02   4.0997367e+02
   8.7910762e+02   5.6855142e+02
   8.8056466e+02   3.7216339e+02
   8.8956543e+02   9.5452919e+01
   8.9064577e+02   7.1925532e+02
   8.9256187e+02   4.9083632e+02
   8.9560878e+02   2.3950477e+02
   9.0271974e+02   6.6553496e+02
   9.0468036e+02   6.8537517e+02
   9.1087254e+02   4.9954920e+02
   9.2027817e+02   8.9935222e+01
   9.2360062e+02   6.9119331e+02
   9.2887744e+02   7.4994938e+02
   9.3535095e+02   3.4737825e+01
   9.3974701e+02   1.7546820e+02
   9.4345500e+02   6.8619799e+02
   9.4870488e+02   8.0416253e+02
   9.4979725e+02   1.5669387e+02
   9.5066543e+02   9.1134599e+02
   9.5510862e+02   3.1993635e+02
   9.6190151e+02   8.9636964e+02
   9.6335799e+02   6.7918361e+02
   9.6363461e+02   8.6158135e+02
   9.6990069e+02   9.6418256e+02
   9.7308342e+02   2.3786258e+02
   9.7245119e+02   9.1420952e+02
   9.7504108e+02   9.4701937e+02
   9.8200000e+02   6.0900000e+02
   9.8273915e+02   5.3714742e+02
   9.9675948e+02   9.2086657e+02
   1.0073139e+03   9.0384222e+02
   3.0782092e+01   5.6381249e+02
   5.8664189e+01   4.1379446e+02
   7.4209286e+01   1.7698863e+02
   9.3207582e+01   5.5178653e+02
   9.3689424e+01   5.3290442e+02
   1.0038865e+02   7.1665420e+02
   1.0445519e+02   4.7208940e+02
   1.0957867e+02   5.3763254e+02
   1.1689307e+02   4.1149820e+02
   1.1784991e+02   5.7764659e+02
   1.3134864e+02   3.7455182e+02
   1.6688034e+02   7.9351435e+02
   1.8008492e+02   8.7865909e+02
   1.9101716e+02   3.9603855e+02
   1.9246276e+02   8.2329407e+02
   2.1167890e+02   1.4158915e+02
   2.1413027e+02   9.8459876e+02
   2.2460919e+02   7.9074757e+02
   2.8971547e+02   4.5840192e+02
   2.9211426e+02   6.8757568e+02
   3.0217521e+02   5.8266605e+02
   3.0611485e+02   6.0237923e+02
   3.4662233e+02   1.6302941e+02
   3.6532365e+02   5.6055687e+02
   3.8622734e+02   1.5739930e+02
   3.8610606e+02   5.3366048e+02
   3.8885381e+02   5.9260897e+02
   3.9650559e+02   2.7277900e+02
   3.9953172e+02   7.2568674e+02
   4.1798134e+02   1.8854426e+02
   4.2535311e+02   5.0639715e+02
   4.3946896e+02   4.3358542e+02
   4.4406538e+02   4.5626518e+02
   4.4511227e+02   5.0563014e+02
   4.4966683e+02   4.8075972e+02
   4.5080348e+02   5.7978415e+02
   4.5473248e+02   4.1867600e+02
   4.5853353e+02   4.4217856e+02
   4.6180315e+02   4.6792090e+02
   4.6557328e+02   5.9538619e+02
   4.6926158e+02   4.8978729e+02
   4.7700000e+02   2.7300000e+02
   4.7949668e+02   4.7525325e+02
   4.8080946e+02   5.9930719e+02
   4.8413596e+02   5.3759948e+02
   4.8745064e+02   4.3468151e+02
   4.8848330e+02   4.1322012e+02
   4.9133404e+02   3.9236445e+02
   5.0561627e+02   4.4536461e+02
   5.2792187e+02   9.5940036e+02
   5.3313539e+02   8.2828804e+02
   5.3459551e+02   8.0815848e+02
   5.4383557e+02   9.4260819e+02
   5.4943926e+02   9.6015410e+02
   5.5050643e+02   8.9464567e+02
   5.5227240e+02   7.3123929e+02
   5.5183168e+02   8.2341471e+02
   5.6019586e+02   9.3046882e+02
   5.6338092e+02   7.8357514e+02
   5.6916562e+02   8.3487335e+02
   5.7036027e+02   8.9987560e+02
   5.7183436e+02   7.9740156e+02
   5.7451182e+02   7.6545544e+02
   5.8065823e+02   3.5761914e+02
   5.8495977e+02   7.8270719e+02
   5.8819895e+02   6.7392503e+02
   5.9100346e+02   2.3013166e+02
   5.9884220e+02   3.5166218e+02
   6.0122674e+02   2.4910792e+02
   6.0141104e+02   8.5657233e+02
   6.0813173e+02   9.6805237e+02
   6.0922020e+02   9.8606187e+02
   6.0995171e+02   9.4987159e+02
   6.1483173e+02   1.7549371e+02
   6.2582626e+02   9.5036493e+02
   6.2789167e+02   9.6953308e+02
   6.3446391e+02   2.5496485e+02
   6.3754613e+02   2.7249024e+02
   6.4100132e+02   9.6986161e+02
   6.4294062e+02   8.1288817e+02
   6.7837595e+02   1.7167566e+02
   6.8556585e+02   7.2054119e+02
   7.3086052e+02   6.8712407e+02
   7.4137447e+02   3.8699487e+02
   7.4937864e+02   6.4275578e+02
   7.6814070e+02   6.5053741e+02
   7.9119483e+02   3.8415238e+02
   7.9084549e+02   6.7174796e+02
   7.9982821e+02   2.1444440e+02
   8.1943127e+02   2.5182055e+02
   8.2975242e+02   7.2301878e+02
   8.3064219e+02   6.3538406e+02
   8.3913751e+02   2.0653816e+02
   8.4416580e+02   3.9887771e+02
   8.4634910e+02   3.0111552e+02
   8.5898692e+02   1.4928342e+02
   8.7542707e+02   3.9978683e+01
   9.2223409e+02   3.6791030e+02
   9.3424496e+02   1.0369679e+02
   9.3519374e+02   8.0678329e+02
   9.4183020e+02   5.1983869e+02
   9.7200000e+02   7.5900000e+02
   9.7314137e+02   3.1236276e+02
   9.8402816e+02   7.7565735e+02
   9.8565825e+02   9.0327372e+02
   9.9290159e+02   3.1969016e+02
