   1.7393606e+01   7.8096364e+02
   1.8247407e+01   1.3019349e+02
   1.7358482e+01   1.4996883e+02
   1.7698129e+01   2.0632655e+02
   1.9404957e+01   4.6152211e+02
   1.8584431e+01   5.6483021e+02
   1.7970531e+01   6.6732150e+02
   1.8414259e+01   1.0065937e+03
   1.9976175e+01   2.8225224e+02
   2.0663473e+01   7.4207083e+02
   2.1470047e+01   6.4523914e+02
   2.2702354e+01   2.2751750e+02
   2.2538485e+01   3.6310289e+02
   2.3399874e+01   3.9750986e+02
   2.2916693e+01   4.4061079e+02
   2.2561626e+01   5.4418938e+02
   2.4106435e+01   7.6131431e+02
   2.3925016e+01   9.3435094e+02
   2.5608236e+01   3.0480574e+02
   2.3857326e+01   4.2053113e+02
   2.5388869e+01   8.7507219e+02
   2.5371440e+01   2.4711684e+02
   2.6848175e+01   3.8332103e+02
   2.5985357e+01   8.3163676e+02
   2.5550914e+01   8.5410759e+02
   2.6738848e+01   9.5757921e+02
   2.6663827e+01   5.2107847e+02
   2.6664705e+01   6.2482281e+02
   2.7559800e+01   8.9588592e+02
   2.6922888e+01   9.8482707e+02
   2.7995264e+01   4.3759351e+01
   2.8044465e+01   8.1112208e+02
   3.0251562e+01   2.1967730e+01
   2.9743586e+01   7.2191435e+02
   3.0738660e+01   7.3656070e+01
   3.0734097e+01   1.8505030e+02
   3.0612328e+01   6.0124344e+02
   3.1914282e+01   4.9707697e+02
   3.3296865e+01   9.7816857e+01
   3.3367651e+01   3.2570366e+02
   3.3446445e+01   7.0282374e+02
   3.3525816e+01   7.9248058e+02
   3.3538057e+01   5.7830764e+02
   3.5383503e+01   2.6557519e+02
   3.6365122e+01   1.6396086e+02
   3.6514642e+01   4.7650119e+02
   3.7288718e+01   1.4215215e+02
   3.8067522e+01   2.1799986e+02
   3.7784711e+01   4.0541127e+02
   3.7281237e+01   6.8156423e+02
   3.7799448e+01   9.1323676e+02
   3.8665665e+01   1.2308971e+02
   3.9816966e+01   3.4797169e+02
   3.9297281e+01   5.5863386e+02
   3.9693102e+01   6.5982078e+02
   3.9437338e+01   7.4038663e+02
   4.0278110e+01   1.0065093e+03
   4.1484721e+01   2.3863047e+02
   4.1942202e+01   2.8868973e+02
   4.1479709e+01   8.6507273e+02
   4.1838438e+01   4.5409256e+02
   4.2308782e+01   6.3820052e+02
   4.1588275e+01   7.7576855e+02
   4.2014489e+01   9.4682731e+02
   4.3665447e+01   3.6712747e+02
   4.3257789e+01   5.3656103e+02
   4.3822519e+01   8.4198831e+02
   4.5613098e+01   8.2088215e+02
   4.7029090e+01   3.1034427e+02
   4.5085807e+01   4.3081432e+02
   4.6615029e+01   6.1747901e+02
   4.7179823e+01   6.1646741e+01
   4.7793249e+01   5.1324754e+02
   4.7577564e+01   9.8848235e+02
   4.7647219e+01   9.6746922e+02
   4.9328567e+01   1.0608098e+02
   4.8736465e+01   7.1947935e+02
   4.9258304e+01   8.0103039e+02
   4.9042836e+01   8.9039434e+02
   4.9939779e+01   8.3804480e+01
   5.0892575e+01   1.8361677e+02
   5.0686692e+01   3.8976989e+02
   5.0274731e+01   5.9403742e+02
   5.0816510e+01   9.2922780e+02
   5.3903487e+01   4.9132000e+02
   5.4354056e+01   3.3149276e+02
   5.4532486e+01   5.7207767e+02
   5.5599100e+01   4.6396323e+01
   5.5186691e+01   1.5447604e+02
   5.4761439e+01   7.8221404e+02
   5.6954716e+01   1.3283403e+02
   5.7158353e+01   4.6796757e+02
   5.7540693e+01   6.7479665e+02
   5.6277160e+01   6.9764082e+02
   5.8059916e+01   2.5502495e+02
   5.7843931e+01   4.0958979e+02
   5.8179741e+01   2.2013982e+02
   5.8766333e+01   2.7452880e+02
   5.8652993e+01   7.6143013e+02
   5.9529197e+01   1.0031983e+03
   5.9926007e+01   3.5256958e+02
   6.1023169e+01   6.5253261e+02
   6.0786225e+01   7.3894489e+02
   6.0883880e+01   8.5390368e+02
   6.0739251e+01   9.1004647e+02
   6.0786729e+01   9.4643597e+02
   6.2027228e+01   5.5148806e+02
   6.2356897e+01   8.3201074e+02
   6.2809862e+01   2.9406170e+02
   6.2514763e+01   4.4817134e+02
   6.4328007e+01   5.2888998e+02
   6.3800054e+01   6.3011848e+02
   6.4326499e+01   9.8449532e+02
   6.4669973e+01   2.0110310e+02
   6.5377973e+01   8.7448888e+02
   6.6273458e+01   6.0889978e+02
   6.5755611e+01   8.1186398e+02
   6.7123186e+01   6.9890749e+01
   6.7342813e+01   3.7449781e+02
   6.6591051e+01   4.2857581e+02
   6.7986010e+01   9.5844466e+01
   6.7909156e+01   2.3819476e+02
   6.8435398e+01   5.0755645e+02
   6.8197780e+01   7.2359242e+02
   7.0770134e+01   5.8650175e+02
   7.0816220e+01   2.8265916e+01
   7.1218641e+01   7.9212915e+02
   7.2046525e+01   9.6409937e+02
   7.1896460e+01   1.8105061e+02
   7.3169635e+01   3.1352299e+02
   7.2842858e+01   9.2865806e+02
   7.4209479e+01   3.9286735e+02
   7.3544045e+01   8.9280419e+02
   7.5550179e+01   1.4191999e+02
   7.4126468e+01   4.8557337e+02
   7.4829838e+01   6.8702434e+02
   7.6513636e+01   3.3664300e+02
   7.6196022e+01   7.7336837e+02
   7.7666787e+01   2.6080074e+02
   7.6854606e+01   5.6376141e+02
   7.8913294e+01   1.6101724e+02
   7.8684685e+01   2.1942863e+02
   7.9373922e+01   4.6206709e+02
   7.9541119e+01   8.4333506e+02
   7.8586796e+01   8.6404670e+02
   7.9875491e+01   2.8610765e+02
   8.0528243e+01   5.4445570e+02
   7.9761884e+01   7.5237018e+02
   8.0631342e+01   4.1556717e+02
   8.1167046e+01   6.4470402e+02
   8.1437670e+01   6.6700371e+02
   8.0660784e+01   7.0727117e+02
   8.1901602e+01   8.7733200e+01
   8.1113215e+01   3.6153956e+02
   8.2304671e+01   6.2266841e+02
   8.2499986e+01   8.2315896e+02
   8.2111789e+01   9.4451306e+02
   8.3002670e+01   4.9924784e+01
   8.2888386e+01   9.1048447e+02
   8.2910573e+01   9.7924725e+02
   8.3210328e+01   9.9934274e+02
   8.5656747e+01   4.4029149e+02
   8.6589974e+01   5.2212270e+02
   8.6186208e+01   5.9979174e+02
   8.5678444e+01   7.2937583e+02
   8.7124719e+01   8.0417485e+02
   8.6822307e+01   8.7937866e+02
   8.8517459e+01   1.0767662e+02
   8.7610282e+01   1.9852221e+02
   8.9874827e+01   2.3821638e+02
   9.0172478e+01   5.0088042e+02
   9.0014974e+01   7.8232389e+02
   9.2423711e+01   9.6272890e+02
   9.4523381e+01   1.7695724e+02
   9.4073887e+01   2.2211995e+02
   9.4126699e+01   3.2318296e+02
   9.3878963e+01   3.8197318e+02
   9.3779366e+01   5.7996322e+02
   9.5739446e+01   3.1564196e+01
   9.5752237e+01   3.0062761e+02
   9.5652069e+01   7.6378756e+02
   9.5802739e+01   8.5857554e+02
   9.5266474e+01   9.2913700e+02
   9.5299657e+01   6.9478115e+01
   9.5535463e+01   1.3269541e+02
   9.5764931e+01   3.4270373e+02
   9.6266425e+01   6.9038623e+02
   9.5987038e+01   4.7847970e+02
   9.7672861e+01   6.3369332e+02
   9.7078939e+01   8.9509107e+02
   9.8362046e+01   5.5851067e+02
   9.8912834e+01   7.4733245e+02
   9.9613017e+01   2.7787989e+02
   1.0026952e+02   1.5446542e+02
   1.0132335e+02   4.2046798e+02
   1.0109493e+02   4.5829972e+02
   1.0233895e+02   6.5124977e+02
   1.0270108e+02   7.1062453e+02
   1.0171914e+02   8.3725018e+02
   1.0190989e+02   9.8179610e+02
   1.0316564e+02   3.5953078e+02
   1.0256402e+02   5.3771920e+02
   1.0362290e+02   8.1665874e+02
   1.0361847e+02   9.4619962e+02
   1.0407753e+02   2.5479480e+02
   1.0482252e+02   6.1622282e+02
   1.0558893e+02   5.0690951e+01
   1.0595280e+02   8.9561362e+01
   1.0760696e+02   7.9522457e+02
   1.0755824e+02   2.1009329e+02
   1.0724283e+02   3.9868606e+02
   1.0773739e+02   5.1637022e+02
   1.0871945e+02   1.9127238e+02
   1.1010587e+02   8.7607336e+02
   1.0910744e+02   9.1322243e+02
   1.1038752e+02   1.1443804e+02
   1.1040370e+02   4.4056491e+02
   1.0958450e+02   5.9398566e+02
   1.0993999e+02   6.7340109e+02
   1.0985482e+02   1.0018155e+03
   1.1051522e+02   3.7862240e+02
   1.1137369e+02   7.3130267e+02
   1.1182305e+02   7.7641497e+02
   1.1207141e+02   3.3827974e+02
   1.1309056e+02   4.9486236e+02
   1.1402388e+02   3.1378738e+02
   1.1497469e+02   1.4154036e+02
   1.1490390e+02   5.7358690e+02
   1.1545139e+02   8.5285046e+02
   1.1666915e+02   3.2447545e+01
   1.1565416e+02   1.7071160e+02
   1.1583220e+02   9.6540066e+02
   1.1702912e+02   7.1060029e+01
   1.1697649e+02   2.9305361e+02
   1.1761538e+02   9.2929059e+02
   1.1725838e+02   2.3295533e+02
   1.1760535e+02   4.7315954e+02
   1.1805331e+02   7.5400680e+02
   1.1948908e+02   5.5230355e+02
   1.1868330e+02   6.3290712e+02
   1.1882137e+02   6.9275812e+02
   1.1873686e+02   8.9607699e+02
   1.1988483e+02   2.7017019e+02
   1.2173151e+02   8.2995125e+02
   1.2175943e+02   3.5580997e+02
   1.2216240e+02   4.2067824e+02
   1.2452109e+02   3.7052867e+02
   1.2472485e+02   8.0980787e+02
   1.2393855e+02   9.8455501e+02
   1.2584619e+02   1.7150751e+01
   1.2534084e+02   1.9319726e+02
   1.2511842e+02   2.5377132e+02
   1.2460284e+02   3.9419613e+02
   1.2467484e+02   5.3160317e+02
   1.2596287e+02   6.0932937e+02
   1.2560975e+02   6.5709649e+02
   1.2503962e+02   7.1550367e+02
   1.2694189e+02   1.5357972e+02
   1.2718623e+02   9.4751690e+02
   1.2744226e+02   5.2089568e+01
   1.2801854e+02   9.0443523e+01
   1.2935881e+02   1.2670829e+02
   1.2941717e+02   5.1234870e+02
   1.3048994e+02   5.8765482e+02
   1.3192405e+02   2.1622818e+02
   1.3177463e+02   6.7705648e+02
   1.3049991e+02   7.8913250e+02
   1.3070245e+02   9.1453685e+02
   1.3078169e+02   1.0037378e+03
   1.3159495e+02   8.6482721e+02
   1.3345082e+02   7.3550915e+02
   1.3471443e+02   1.6973347e+02
   1.3515561e+02   3.0441842e+02
   1.3476040e+02   3.2217234e+02
   1.3427411e+02   8.8253688e+02
   1.3619468e+02   2.3876681e+02
   1.3591579e+02   4.8988070e+02
   1.3635013e+02   7.7146440e+02
   1.3582491e+02   3.3966299e+02
   1.3665979e+02   5.6743925e+02
   1.3783721e+02   9.6834382e+02
   1.3799698e+02   3.3106497e+01
   1.3867366e+02   1.0943395e+02
   1.3863254e+02   1.4108097e+02
   1.3836948e+02   2.8445147e+02
   1.3843053e+02   6.4395872e+02
   1.3840715e+02   8.4641197e+02
   1.3899381e+02   7.1513210e+01
   1.3922836e+02   6.9873286e+02
   1.3984813e+02   3.5912029e+02
   1.4021551e+02   3.7911950e+02
   1.4165620e+02   4.1704659e+02
   1.4091507e+02   4.6703664e+02
   1.4072094e+02   5.4626795e+02
   1.4120424e+02   9.3268709e+02
   1.4334563e+02   6.2397622e+02
   1.4322698e+02   7.5356589e+02
   1.4285920e+02   8.2580818e+02
   1.4356211e+02   2.6047073e+02
   1.4424641e+02   8.9852979e+02
   1.4508955e+02   2.0466967e+02
   1.4490469e+02   3.9799598e+02
   1.4498726e+02   9.8953531e+02
   1.4647930e+02   5.2651375e+02
   1.4639569e+02   8.0356630e+02
   1.4698795e+02   6.6076234e+02
   1.4783531e+02   1.6300232e+02
   1.4824812e+02   6.0143343e+02
   1.4945916e+02   1.8466941e+02
   1.4935218e+02   7.1894639e+02
   1.5038741e+02   5.0521434e+02
   1.5128854e+02   1.2519333e+02
   1.5072647e+02   7.8683358e+02
   1.5093660e+02   9.5183044e+02
   1.5193639e+02   5.2954187e+01
   1.5111880e+02   9.0586587e+01
   1.5255275e+02   2.2172332e+02
   1.5299368e+02   3.2861252e+02
   1.5287024e+02   5.8192466e+02
   1.5378880e+02   6.8045452e+02
   1.5420579e+02   3.1145484e+02
   1.5372278e+02   1.0040789e+03
   1.5449203e+02   9.1748287e+02
   1.5734766e+02   4.4324199e+02
   1.5744885e+02   5.6102545e+02
   1.5759001e+02   2.7792918e+02
   1.5865141e+02   3.6904100e+02
   1.5733855e+02   4.8431145e+02
   1.5780395e+02   7.4139235e+02
   1.5933332e+02   2.4178330e+02
   1.5845433e+02   2.9618670e+02
   1.5919127e+02   3.8537859e+02
   1.5823351e+02   8.4097431e+02
   1.5955180e+02   3.4773819e+02
   1.5939766e+02   7.6744249e+02
   1.5973898e+02   9.7277757e+02
   1.6004261e+02   6.4255211e+02
   1.6161404e+02   3.2893274e+01
   1.6222536e+02   2.0195786e+02
   1.6228021e+02   5.4168203e+02
   1.6263566e+02   7.0079453e+02
   1.6265898e+02   8.1676816e+02
   1.6250810e+02   7.1819613e+01
   1.6274492e+02   1.0922075e+02
   1.6306001e+02   1.4200960e+02
   1.6531391e+02   4.6675082e+02
   1.6521785e+02   6.1715541e+02
   1.6535792e+02   8.9792058e+02
   1.6488103e+02   9.3532437e+02
   1.6578295e+02   9.9000222e+02
   1.6730679e+02   5.2082156e+02
   1.6763029e+02   7.9429693e+02
   1.6848034e+02   2.6178558e+02
   1.6873026e+02   1.8411541e+02
   1.7029964e+02   1.6098102e+02
   1.7048905e+02   5.0044568e+02
   1.6978579e+02   5.9580600e+02
   1.6990152e+02   6.6372442e+02
   1.7153616e+02   8.7792868e+02
   1.7290630e+02   5.7384359e+02
   1.7187574e+02   7.2346607e+02
   1.7306686e+02   9.1283563e+01
   1.7394308e+02   1.2713149e+02
   1.7356366e+02   2.2419033e+02
   1.7321224e+02   3.2542643e+02
   1.7385473e+02   9.5565864e+02
   1.7474008e+02   3.0382305e+02
   1.7483589e+02   3.5842862e+02
   1.7499540e+02   6.8306368e+02
   1.7508093e+02   8.5585301e+02
   1.7629874e+02   3.9780799e+02
   1.7597379e+02   4.4982929e+02
   1.7673886e+02   5.1946476e+01
   1.7868299e+02   7.5760818e+02
   1.7824053e+02   2.8121804e+02
   1.7929216e+02   4.8457526e+02
   1.7892857e+02   5.5541393e+02
   1.7908519e+02   9.1637280e+02
   1.7987525e+02   2.0492302e+02
   1.8029053e+02   2.4368480e+02
   1.7921009e+02   3.7831567e+02
   1.7996862e+02   4.1543762e+02
   1.8013635e+02   4.3314986e+02
   1.7985565e+02   6.2830828e+02
   1.8005898e+02   8.3329953e+02
   1.8151098e+02   2.6415429e+01
   1.8132340e+02   7.7500924e+02
   1.8033239e+02   9.7564305e+02
   1.8316698e+02   1.4579584e+02
   1.8343211e+02   5.3291166e+02
   1.8307930e+02   7.0481117e+02
   1.8326389e+02   8.1308264e+02
   1.8471814e+02   7.4139129e+01
   1.8569216e+02   1.1039157e+02
   1.8483530e+02   3.4424155e+02
   1.8728984e+02   1.6840337e+02
   1.8683152e+02   6.1164031e+02
   1.8689441e+02   6.4713239e+02
   1.8753774e+02   7.4181504e+02
   1.8723445e+02   8.9198827e+02
   1.8666699e+02   9.4051332e+02
   1.8867989e+02   4.6798721e+02
   1.8858827e+02   5.0901709e+02
   1.9116122e+02   1.8916078e+02
   1.9085004e+02   2.6095544e+02
   1.9063520e+02   5.8999301e+02
   1.9129003e+02   7.9236658e+02
   1.9233480e+02   7.2410486e+02
   1.9286174e+02   8.7132586e+02
   1.9450076e+02   2.1269153e+02
   1.9466796e+02   3.9840407e+02
   1.9352295e+02   6.6594544e+02
   1.9503602e+02   3.2787211e+02
   1.9512718e+02   5.7023652e+02
   1.9507031e+02   9.6217966e+02
   1.9590496e+02   9.2790721e+01
   1.9605922e+02   3.6760236e+02
   1.9727979e+02   4.5202089e+02
   1.9694430e+02   8.5014933e+02
   1.9839249e+02   5.8685147e+01
   1.9884748e+02   1.3048031e+02
   1.9792747e+02   4.1985460e+02
   1.9736293e+02   7.6379811e+02
   1.9857613e+02   4.1710457e+01
   1.9907611e+02   6.8621794e+02
   1.9994491e+02   4.8784314e+02
   1.9942078e+02   6.2745496e+02
   1.9999976e+02   9.2859138e+02
   2.0060253e+02   9.8577285e+02
   2.0108127e+02   2.1618421e+01
   2.0044780e+02   2.3671935e+02
   2.0270359e+02   5.2550665e+02
   2.0387043e+02   2.7732035e+02
   2.0307270e+02   8.2614946e+02
   2.0394890e+02   7.0972634e+02
   2.0379435e+02   9.0690520e+02
   2.0491724e+02   1.5462214e+02
   2.0612994e+02   7.6227077e+01
   2.0658198e+02   1.7721364e+02
   2.0581662e+02   7.8500349e+02
   2.0611891e+02   8.0715281e+02
   2.0715989e+02   4.3403392e+02
   2.0765187e+02   3.4197353e+02
   2.0875779e+02   4.6904637e+02
   2.0786085e+02   5.4524223e+02
   2.0837078e+02   6.0746261e+02
   2.0933415e+02   2.0116722e+02
   2.0946906e+02   6.4788706e+02
   2.0913743e+02   8.8570715e+02
   2.1052289e+02   1.0919913e+02
   2.0984461e+02   7.3022402e+02
   2.0993999e+02   9.4506901e+02
   2.1149549e+02   2.5645928e+02
   2.1200812e+02   2.9619832e+02
   2.1383828e+02   3.1807991e+02
   2.1332024e+02   5.8740151e+02
   2.1327848e+02   8.6397154e+02
   2.1392052e+02   5.0825911e+02
   2.1422913e+02   1.0038880e+03
   2.1451723e+02   5.4838070e+01
   2.1554788e+02   4.1521304e+02
   2.1464948e+02   6.7069273e+02
   2.1491445e+02   7.5118029e+02
   2.1525821e+02   9.6738974e+02
   2.1682913e+02   2.2023963e+02
   2.1687233e+02   5.6557297e+02
   2.1890308e+02   3.3776158e+01
   2.1928297e+02   3.7815704e+02
   2.1827201e+02   8.4257172e+02
   2.2027318e+02   4.5271300e+02
   2.2087571e+02   9.1606055e+01
   2.2115540e+02   6.9442303e+02
   2.2081839e+02   7.7174570e+02
   2.2054797e+02   9.2397833e+02
   2.2222661e+02   2.4058309e+02
   2.2167184e+02   3.5920767e+02
   2.2227084e+02   4.8841236e+02
   2.2178731e+02   5.2744987e+02
   2.2211255e+02   6.2340444e+02
   2.2274389e+02   1.2469097e+02
   2.2374863e+02   1.4366404e+02
   2.2232541e+02   8.2063506e+02
   2.2467566e+02   1.6550930e+02
   2.2563471e+02   1.8509222e+02
   2.2518797e+02   9.0271032e+02
   2.2558444e+02   9.8380494e+02
   2.2557126e+02   3.9641868e+02
   2.2696514e+02   7.1503105e+02
   2.2673432e+02   7.9435980e+02
   2.2910164e+02   3.0189733e+02
   2.2976773e+02   4.3308268e+02
   2.2972577e+02   4.7061237e+02
   2.2943489e+02   7.1791638e+01
   2.3015120e+02   2.8642289e+02
   2.3011864e+02   6.5857895e+02
   2.3003201e+02   7.3557712e+02
   2.2985314e+02   8.7941145e+02
   2.3127903e+02   2.0407622e+02
   2.3117955e+02   5.5044182e+02
   2.3126998e+02   6.0171524e+02
   2.3115246e+02   2.6501892e+02
   2.3107901e+02   3.3860209e+02
   2.3408647e+02   1.0771945e+02
   2.3423858e+02   5.0872222e+02
   2.3359672e+02   5.7682756e+02
   2.3431177e+02   9.3981757e+02
   2.3427620e+02   8.5727093e+02
   2.3648519e+02   2.5802644e+01
   2.3573835e+02   4.9545948e+01
   2.3581337e+02   2.2644759e+02
   2.3639302e+02   3.7718573e+02
   2.3608426e+02   6.4004504e+02
   2.3555978e+02   6.7821968e+02
   2.3598087e+02   7.5629997e+02
   2.3554373e+02   9.6164792e+02
   2.3809124e+02   1.0038312e+03
   2.3943070e+02   8.7299470e+01
   2.3971808e+02   3.1782243e+02
   2.4119830e+02   1.3121921e+02
   2.3999938e+02   4.1539066e+02
   2.4122644e+02   4.5333201e+02
   2.4066441e+02   8.3564502e+02
   2.4220299e+02   1.8003177e+02
   2.4227015e+02   6.2083481e+02
   2.4282909e+02   7.7715176e+02
   2.4151513e+02   9.1982326e+02
   2.4335730e+02   4.8853914e+02
   2.4267634e+02   6.9865960e+02
   2.4395102e+02   2.4451365e+02
   2.4372952e+02   5.2915921e+02
   2.4340600e+02   8.1541780e+02
   2.4639626e+02   1.5594040e+02
   2.4579920e+02   3.5618798e+02
   2.4694999e+02   3.0095235e+02
   2.4682973e+02   8.9561481e+02
   2.4848791e+02   7.2121271e+02
   2.4930437e+02   3.9551843e+02
   2.5031278e+02   6.5814588e+02
   2.4971459e+02   8.7253930e+02
   2.4951670e+02   9.8500014e+02
   2.5144414e+02   2.8215424e+02
   2.5126167e+02   3.3660440e+02
   2.5146887e+02   5.6683267e+02
   2.5112419e+02   7.9636555e+02
   2.5185594e+02   4.2613882e+01
   2.5183237e+02   4.3177200e+02
   2.5263436e+02   6.9991373e+01
   2.5253936e+02   5.8689476e+02
   2.5297029e+02   7.4179676e+02
   2.5448015e+02   2.6170229e+02
   2.5497819e+02   4.7101747e+02
   2.5483457e+02   9.4394396e+02
   2.5577635e+02   5.0842131e+02
   2.5632577e+02   8.5162705e+02
   2.5737573e+02   1.9682916e+02
   2.5773155e+02   5.4771121e+02
   2.5731901e+02   6.0790414e+02
   2.5868778e+02   2.6916801e+01
   2.5809895e+02   9.5064932e+01
   2.5826835e+02   1.1704389e+02
   2.5776526e+02   2.2322775e+02
   2.5810535e+02   6.3315603e+02
   2.5772010e+02   6.8316568e+02
   2.5895592e+02   7.6201142e+02
   2.5885700e+02   3.7535142e+02
   2.6044403e+02   8.3057163e+02
   2.6256327e+02   1.3830930e+02
   2.6157739e+02   3.1656107e+02
   2.6160442e+02   4.1331961e+02
   2.6244454e+02   9.6608595e+02
   2.6159968e+02   1.0050728e+03
   2.6438333e+02   7.0538893e+02
   2.6410868e+02   7.8464722e+02
   2.6360504e+02   9.0769402e+02
   2.6445124e+02   1.7741724e+02
   2.6497016e+02   4.5120044e+02
   2.6591476e+02   4.8961698e+02
   2.6639373e+02   3.5430228e+02
   2.6747237e+02   2.4828953e+02
   2.6828984e+02   8.8705627e+02
   2.6839708e+02   2.9787231e+02
   2.6770869e+02   5.2777304e+02
   2.6972604e+02   5.6840921e+02
   2.6855790e+02   8.0748511e+02
   2.7000682e+02   4.7474625e+01
   2.7025932e+02   6.7071029e+02
   2.7174025e+02   3.9434410e+02
   2.7054620e+02   7.2580455e+02
   2.7104979e+02   8.6719755e+02
   2.7234206e+02   2.1775784e+02
   2.7243544e+02   2.7305765e+02
   2.7217915e+02   9.8671387e+02
   2.7406979e+02   8.2778225e+01
   2.7560747e+02   5.9461613e+02
   2.7435522e+02   6.5058270e+02
   2.7549668e+02   7.4850044e+02
   2.7593359e+02   3.3436042e+02
   2.7552820e+02   4.3276698e+02
   2.7597258e+02   4.6988962e+02
   2.7581979e+02   1.5480506e+02
   2.7687807e+02   9.4746613e+02
   2.7860169e+02   1.0291418e+02
   2.7861050e+02   1.2886883e+02
   2.7863347e+02   1.9692938e+02
   2.7829375e+02   5.0734034e+02
   2.7860365e+02   6.1518819e+02
   2.7801805e+02   8.4772096e+02
   2.7863711e+02   6.8755103e+02
   2.7961754e+02   5.4480818e+02
   2.8058085e+02   7.6837798e+02
   2.8141176e+02   2.8969358e+01
   2.8055466e+02   2.3446138e+02
   2.8112476e+02   3.7298105e+02
   2.8295630e+02   6.5474479e+01
   2.8333572e+02   8.2877139e+02
   2.8387823e+02   3.1407236e+02
   2.8410409e+02   4.1220944e+02
   2.8410357e+02   6.3316086e+02
   2.8373872e+02   9.6898054e+02
   2.8473800e+02   1.7475429e+02
   2.8451559e+02   9.0858403e+02
   2.8600645e+02   4.5061849e+02
   2.8572727e+02   7.9028836e+02
   2.8600000e+02   1.0020000e+03
   2.8829307e+02   2.1704642e+02
   2.8913317e+02   4.8622653e+01
   2.8840331e+02   7.0947105e+02
   2.8954024e+02   2.5451355e+02
   2.8899538e+02   3.5295625e+02
   2.8998889e+02   4.8834004e+02
   2.9041034e+02   2.9438734e+02
   2.9086369e+02   5.2693638e+02
   2.9119155e+02   6.6888570e+02
   2.9059351e+02   8.9286186e+02
   2.9201740e+02   5.6230786e+02
   2.9167696e+02   7.3317159e+02
   2.9181072e+02   8.7156684e+02
   2.9302227e+02   5.8098105e+02
   2.9398269e+02   8.2305223e+01
   2.9411882e+02   3.9117382e+02
   2.9307051e+02   8.1182089e+02
   2.9409393e+02   9.2974775e+02
   2.9525242e+02   6.0098874e+02
   2.9682881e+02   1.3959639e+02
   2.9684092e+02   9.8776232e+02
   2.9798552e+02   1.2115768e+02
   2.9701767e+02   3.3374982e+02
   2.9815180e+02   6.4889546e+02
   2.9814326e+02   9.5230347e+02
   2.9879101e+02   1.6181524e+02
   2.9910168e+02   2.7529483e+02
   2.9831332e+02   4.2973509e+02
   2.9932737e+02   4.6868987e+02
   3.0086687e+02   6.8664681e+02
   3.0056809e+02   5.0795905e+02
   3.0237290e+02   1.8626223e+02
   3.0237870e+02   5.4602057e+02
   3.0229721e+02   6.2586780e+02
   3.0243246e+02   7.5839409e+02
   3.0284247e+02   2.3207599e+02
   3.0390869e+02   9.0753487e+02
   3.0473445e+02   2.0634244e+02
   3.0531794e+02   3.1257024e+02
   3.0414762e+02   3.7199617e+02
   3.0461365e+02   7.7511737e+02
   3.0581410e+02   3.3202524e+01
   3.0627633e+02   1.0269917e+02
   3.0638707e+02   4.0922774e+02
   3.0620723e+02   7.2261575e+02
   3.0705949e+02   6.1446605e+01
   3.0931409e+02   4.4884559e+02
   3.0957456e+02   9.6754464e+02
   3.1138179e+02   3.5020091e+02
   3.1062334e+02   5.6575566e+02
   3.1014217e+02   7.9778524e+02
   3.1186374e+02   2.5487147e+02
   3.1114861e+02   4.8691858e+02
   3.1242949e+02   2.9229914e+02
   3.1317387e+02   5.2655300e+02
   3.1377852e+02   5.8694678e+02
   3.1236140e+02   6.6647536e+02
   3.1345523e+02   7.4168402e+02
   3.1308654e+02   9.4434488e+02
   3.1495975e+02   7.0461593e+02
   3.1496012e+02   9.2504986e+02
   3.1657619e+02   1.4949665e+02
   3.1588124e+02   3.8937086e+02
   3.1528893e+02   8.8614162e+02
   3.1690749e+02   1.2604978e+02
   3.1693183e+02   6.0815458e+02
   3.1713925e+02   8.6568940e+02
   3.1816053e+02   8.4209560e+01
   3.1937781e+02   1.7125435e+02
   3.1820223e+02   9.9065211e+02
   3.1974417e+02   3.3137539e+02
   3.1977633e+02   4.2926403e+02
   3.1925004e+02   6.4450547e+02
   3.2009684e+02   7.6043913e+02
   3.2025996e+02   2.7567010e+02
   3.2310156e+02   1.9329611e+02
   3.2386828e+02   2.1675370e+02
   3.2328011e+02   4.6719347e+02
   3.2484753e+02   4.5168097e+01
   3.2431850e+02   5.0647402e+02
   3.2544934e+02   5.4712316e+02
   3.2478955e+02   6.8541855e+02
   3.2498619e+02   3.6979002e+02
   3.2697550e+02   7.2270200e+02
   3.2684712e+02   6.2392721e+02
   3.2660383e+02   9.0874476e+02
   3.2822542e+02   2.3916824e+02
   3.2790528e+02   3.0958777e+02
   3.2685287e+02   7.8150603e+02
   3.2823203e+02   8.5054389e+02
   3.2978505e+02   1.0386495e+02
   3.2955258e+02   4.1104073e+02
   3.2996248e+02   5.6956786e+02
   3.3070168e+02   9.5726938e+02
   3.3209895e+02   6.5308140e+01
   3.3349054e+02   2.6141553e+02
   3.3257017e+02   4.4755669e+02
   3.3269827e+02   8.0548481e+02
   3.3330575e+02   9.7634765e+02
   3.3351045e+02   2.5068886e+01
   3.3465752e+02   1.3934446e+02
   3.3370944e+02   3.5057142e+02
   3.3454567e+02   6.0274019e+02
   3.3479874e+02   4.8648714e+02
   3.3510888e+02   6.6333368e+02
   3.3455378e+02   7.4378293e+02
   3.3486321e+02   9.3331278e+02
   3.3704769e+02   1.5887781e+02
   3.3674450e+02   7.0412633e+02
   3.3616984e+02   8.7044621e+02
   3.3749874e+02   5.2886225e+02
   3.3857741e+02   3.8747933e+02
   3.3945429e+02   8.9074617e+02
   3.3890154e+02   9.9438739e+02
   3.3999626e+02   1.8028625e+02
   3.3908389e+02   2.8608461e+02
   3.4160284e+02   8.6255277e+01
   3.4148310e+02   1.2082702e+02
   3.4119977e+02   2.0235476e+02
   3.4051532e+02   5.8195661e+02
   3.4176490e+02   4.2783263e+02
   3.4332301e+02   3.2725832e+02
   3.4333003e+02   5.5724929e+02
   3.4365935e+02   6.4141856e+02
   3.4500465e+02   2.2597148e+02
   3.4528961e+02   4.6591351e+02
   3.4494990e+02   4.6868784e+01
   3.4538433e+02   3.6810939e+02
   3.4578625e+02   7.6527420e+02
   3.4512646e+02   8.4544208e+02
   3.4645165e+02   5.0294375e+02
   3.4668959e+02   7.2379403e+02
   3.4669791e+02   7.8731280e+02
   3.4753660e+02   6.8655534e+02
   3.4934896e+02   2.4783154e+02
   3.4957786e+02   6.1821610e+02
   3.4956594e+02   3.0803082e+02
   3.5028330e+02   8.2498053e+02
   3.5056266e+02   9.0840915e+02
   3.4970914e+02   9.5994747e+02
   3.5101524e+02   4.0685185e+02
   3.5331023e+02   1.0439173e+02
   3.5369968e+02   6.6856771e+01
   3.5455017e+02   1.4404846e+02
   3.5323534e+02   3.5024130e+02
   3.5487597e+02   2.7020244e+02
   3.5467532e+02   5.9663854e+02
   3.5554147e+02   7.4146985e+02
   3.5574947e+02   8.8653217e+02
   3.5546929e+02   4.4692906e+02
   3.5659706e+02   7.0231700e+02
   3.5735402e+02   4.8514342e+02
   3.5707358e+02   9.8732051e+02
   3.5757171e+02   2.8154376e+01
   3.5770944e+02   1.6642589e+02
   3.5803507e+02   5.1992148e+02
   3.5803421e+02   8.0265533e+02
   3.5958563e+02   5.7496792e+02
   3.5995072e+02   1.8855790e+02
   3.6107612e+02   2.1177367e+02
   3.6070865e+02   2.9333034e+02
   3.6093798e+02   3.8680716e+02
   3.6132498e+02   8.6442217e+02
   3.6308109e+02   5.3654478e+02
   3.6386536e+02   6.5432173e+02
   3.6267858e+02   9.4409180e+02
   3.6388907e+02   8.7094933e+01
   3.6435358e+02   7.8172727e+02
   3.6452115e+02   9.2369179e+02
   3.6476646e+02   4.2542460e+02
   3.6467124e+02   5.5693661e+02
   3.6433307e+02   6.8041184e+02
   3.6498527e+02   1.2269547e+02
   3.6649210e+02   4.8857392e+01
   3.6613750e+02   3.1492087e+02
   3.6766664e+02   6.3266793e+02
   3.6747781e+02   7.2135782e+02
   3.6717842e+02   2.3351358e+02
   3.6744501e+02   4.6421049e+02
   3.6927365e+02   3.6351124e+02
   3.6886630e+02   7.6135207e+02
   3.7057926e+02   2.5625495e+02
   3.6913239e+02   3.3670699e+02
   3.6952701e+02   5.0338689e+02
   3.7025084e+02   6.1154185e+02
   3.7018696e+02   8.1940044e+02
   3.7121583e+02   9.0264152e+02
   3.7112815e+02   9.6153533e+02
   3.7220789e+02   8.4070204e+02
   3.7428169e+02   1.0539902e+02
   3.7488404e+02   4.0459194e+02
   3.7586778e+02   6.8363390e+01
   3.7658172e+02   1.3771605e+02
   3.7579607e+02   1.5473219e+02
   3.7616945e+02   5.8989078e+02
   3.7604055e+02   7.0287390e+02
   3.7660582e+02   2.7846246e+02
   3.7682504e+02   4.4519522e+02
   3.7677252e+02   7.3916245e+02
   3.7778077e+02   8.8059273e+02
   3.7790504e+02   3.0179137e+01
   3.7807871e+02   1.7660148e+02
   3.7977109e+02   1.9846899e+02
   3.8079465e+02   4.8224054e+02
   3.8052066e+02   5.2196843e+02
   3.8214691e+02   5.4545445e+02
   3.8179178e+02   8.0066327e+02
   3.8153907e+02   8.6226921e+02
   3.8187151e+02   9.4101617e+02
   3.8230730e+02   2.2074947e+02
   3.8227053e+02   5.6844676e+02
   3.8326358e+02   6.6466836e+02
   3.8367631e+02   6.4546335e+02
   3.8474432e+02   3.0084334e+02
   3.8540535e+02   3.2496787e+02
   3.8454998e+02   3.8585897e+02
   3.8454720e+02   9.7821849e+02
   3.8479685e+02   9.9846883e+02
   3.8625683e+02   5.1529913e+01
   3.8642723e+02   7.7580257e+02
   3.8662650e+02   8.7526939e+01
   3.8804895e+02   2.4258797e+02
   3.8728415e+02   9.1993327e+02
   3.8961070e+02   3.4753434e+02
   3.8844535e+02   4.2420932e+02
   3.8849929e+02   6.2569919e+02
   3.8878693e+02   6.8329691e+02
   3.8865821e+02   7.2036692e+02
   3.9022016e+02   1.2416132e+02
   3.9031545e+02   4.6395802e+02
   3.8990011e+02   7.5797478e+02
   3.9035803e+02   8.2516335e+02
   3.9257437e+02   2.6257045e+02
   3.9243720e+02   5.0170286e+02
   3.9250355e+02   6.0293427e+02
   3.9290869e+02   8.9678188e+02
   3.9518742e+02   3.6671085e+02
   3.9563817e+02   4.0427699e+02
   3.9552907e+02   8.4530494e+02
   3.9598529e+02   9.5952530e+02
   3.9700460e+02   1.4450295e+02
   3.9682698e+02   1.6361038e+02
   3.9647264e+02   2.8388144e+02
   3.9730534e+02   5.3361703e+02
   3.9686149e+02   5.8162247e+02
   3.9866248e+02   3.3176616e+01
   3.9777042e+02   1.0528096e+02
   3.9890218e+02   7.0460653e+01
   3.9838697e+02   1.8538244e+02
   3.9852863e+02   8.7030824e+02
   4.0004871e+02   6.6280286e+02
   4.0013787e+02   7.0226043e+02
   3.9979809e+02   7.4026703e+02
   4.0062428e+02   2.0667514e+02
   4.0107623e+02   4.4352426e+02
   4.0399927e+02   3.1449945e+02
   4.0390201e+02   7.8697006e+02
   4.0343102e+02   9.8620020e+02
   4.0414299e+02   2.2872368e+02
   4.0426645e+02   3.8456759e+02
   4.0424344e+02   4.8160694e+02
   4.0334669e+02   5.5738363e+02
   4.0370065e+02   9.3565346e+02
   4.0612174e+02   5.1976650e+02
   4.0644005e+02   6.3727919e+02
   4.0687315e+02   8.1099388e+02
   4.0778647e+02   7.6407230e+02
   4.0923883e+02   9.1307491e+02
   4.0927298e+02   5.2967426e+01
   4.0989746e+02   9.2477463e+01
   4.1012832e+02   2.5060093e+02
   4.0925341e+02   4.2287354e+02
   4.1054232e+02   6.1583489e+02
   4.0956347e+02   6.8389946e+02
   4.0982708e+02   3.3455371e+02
   4.1118298e+02   3.5655041e+02
   4.1284842e+02   2.7153823e+02
   4.1190504e+02   7.2104312e+02
   4.1122086e+02   8.3208828e+02
   4.1331175e+02   2.9529810e+02
   4.1287465e+02   4.6249292e+02
   4.1587560e+02   1.1467094e+02
   4.1535581e+02   1.3402474e+02
   4.1610744e+02   1.5287744e+02
   4.1623197e+02   1.7236590e+02
   4.1561560e+02   5.0090433e+02
   4.1543956e+02   5.9601401e+02
   4.1583664e+02   8.9174376e+02
   4.1711573e+02   1.9265337e+02
   4.1678249e+02   8.5277339e+02
   4.1756607e+02   5.7703422e+02
   4.1901250e+02   4.0267168e+02
   4.1844264e+02   5.3897075e+02
   4.2025008e+02   9.5059320e+02
   4.2101137e+02   9.7370045e+02
   4.2163202e+02   3.3163070e+01
   4.2163738e+02   7.4121358e+02
   4.2194491e+02   7.1711393e+01
   4.2261346e+02   2.1533381e+02
   4.2329009e+02   4.4247722e+02
   4.2275317e+02   8.7266791e+02
   4.2318926e+02   9.9683357e+02
   4.2401840e+02   3.1819371e+02
   4.2444249e+02   6.7207886e+02
   4.2348896e+02   7.0117186e+02
   4.2385450e+02   7.9689827e+02
   4.2563948e+02   4.8044061e+02
   4.2480862e+02   6.5253381e+02
   4.2505740e+02   9.2927801e+02
   4.2602544e+02   2.3660621e+02
   4.2544981e+02   7.7941102e+02
   4.2699820e+02   3.8128028e+02
   4.2815326e+02   6.3003731e+02
   4.2836219e+02   8.1797641e+02
   4.2907349e+02   5.5735270e+02
   4.3043142e+02   2.5692102e+02
   4.3068332e+02   3.4047134e+02
   4.2939659e+02   5.1894857e+02
   4.3020674e+02   9.0771858e+02
   4.3156075e+02   2.7939447e+02
   4.3161955e+02   6.0817208e+02
   4.3067677e+02   7.6001724e+02
   4.3196832e+02   8.4071236e+02
   4.3174829e+02   5.2252269e+01
   4.3280031e+02   8.7784400e+01
   4.3354031e+02   1.2530489e+02
   4.3275057e+02   1.8049228e+02
   4.3236676e+02   4.2022574e+02
   4.3395597e+02   1.0505400e+02
   4.3484039e+02   1.4378949e+02
   4.3359362e+02   7.2274173e+02
   4.3526593e+02   4.6139136e+02
   4.3631511e+02   1.6329823e+02
   4.3769856e+02   3.6309352e+02
   4.3830834e+02   5.3977620e+02
   4.3716610e+02   8.6096933e+02
   4.3802526e+02   8.8493422e+02
   4.3874722e+02   1.9917229e+02
   4.3884116e+02   3.0159058e+02
   4.3861830e+02   9.4319851e+02
   4.3888821e+02   9.6329504e+02
   4.4040088e+02   4.9996540e+02
   4.4034727e+02   5.7161520e+02
   4.4074145e+02   3.9959643e+02
   4.4232714e+02   6.4298812e+02
   4.4334559e+02   2.2297648e+02
   4.4374602e+02   6.8527634e+02
   4.4321627e+02   7.4426574e+02
   4.4298888e+02   9.8455715e+02
   4.4288915e+02   1.0071250e+03
   4.4340632e+02   3.3022455e+01
   4.4378466e+02   7.2037273e+01
   4.4441013e+02   3.1966401e+02
   4.4478090e+02   6.6236553e+02
   4.4457685e+02   8.0057968e+02
   4.4512193e+02   9.2290679e+02
   4.4689880e+02   2.4227735e+02
   4.4607251e+02   7.0428212e+02
   4.4533960e+02   7.6910703e+02
   4.4658023e+02   4.3950218e+02
   4.4973632e+02   4.7978472e+02
   4.4984205e+02   5.1848048e+02
   4.5134576e+02   2.6552934e+02
   4.5014511e+02   3.7979071e+02
   4.5173664e+02   8.2527350e+02
   4.5204754e+02   5.5313949e+02
   4.5195716e+02   9.0456771e+02
   4.5351209e+02   1.3645278e+02
   4.5337480e+02   1.5625178e+02
   4.5377332e+02   1.8060285e+02
   4.5266120e+02   8.4788529e+02
   4.5338075e+02   9.2558293e+01
   4.5405445e+02   1.1607243e+02
   4.5453404e+02   2.8492470e+02
   4.5515292e+02   5.2481528e+01
   4.5522474e+02   3.5661128e+02
   4.5467148e+02   7.2204245e+02
   4.5581389e+02   4.1867858e+02
   4.5776316e+02   4.5759139e+02
   4.5874254e+02   9.4970366e+02
   4.5938024e+02   2.0625536e+02
   4.5883809e+02   8.6609493e+02
   4.5968772e+02   3.0700991e+02
   4.5984775e+02   7.7603495e+02
   4.6045581e+02   3.3243331e+02
   4.6074024e+02   7.5660414e+02
   4.6099063e+02   8.8616256e+02
   4.6120307e+02   9.7330423e+02
   4.6195605e+02   4.9887277e+02
   4.6193969e+02   9.9563756e+02
   4.6311303e+02   6.4759929e+02
   4.6382369e+02   2.2810917e+02
   4.6349485e+02   5.3141562e+02
   4.6389682e+02   6.9800291e+02
   4.6479809e+02   8.1191814e+02
   4.6611653e+02   7.2290474e+01
   4.6518789e+02   5.7162739e+02
   4.6537845e+02   6.7402158e+02
   4.6633038e+02   9.0846927e+02
   4.6714336e+02   3.4539547e+01
   4.6738442e+02   2.4917771e+02
   4.6717933e+02   3.9727036e+02
   4.6784543e+02   4.3704822e+02
   4.6853238e+02   9.2885134e+02
   4.6991892e+02   3.7108301e+02
   4.7132912e+02   2.7019802e+02
   4.7084017e+02   7.9249038e+02
   4.7220012e+02   1.2790245e+02
   4.7092547e+02   4.7839529e+02
   4.7167691e+02   8.4848975e+02
   4.7366873e+02   1.7053933e+02
   4.7359241e+02   5.1274271e+02
   4.7353597e+02   5.5181915e+02
   4.7415430e+02   1.0780982e+02
   4.7473012e+02   2.9340859e+02
   4.7374161e+02   3.5125376e+02
   4.7585745e+02   1.9056852e+02
   4.7584138e+02   7.2149035e+02
   4.7616784e+02   5.3172717e+01
   4.7631575e+02   8.2918516e+02
   4.7641625e+02   8.8458200e+01
   4.7635737e+02   1.4947799e+02
   4.7841622e+02   8.9236260e+02
   4.7951916e+02   4.1871210e+02
   4.7871453e+02   5.9019770e+02
   4.7815534e+02   6.2910694e+02
   4.7769535e+02   7.6991416e+02
   4.7862426e+02   8.6885809e+02
   4.7980151e+02   9.6325507e+02
   4.7976255e+02   9.8479024e+02
   4.8015157e+02   3.1385141e+02
   4.8006986e+02   4.5561028e+02
   4.8115157e+02   2.1419390e+02
   4.8150903e+02   6.8361698e+02
   4.8093362e+02   9.1144246e+02
   4.8278561e+02   4.9539054e+02
   4.8231857e+02   5.3238750e+02
   4.8242324e+02   1.0065397e+03
   4.8365240e+02   6.6459067e+02
   4.8496183e+02   2.3526867e+02
   4.8472528e+02   8.1012459e+02
   4.8582166e+02   3.8293663e+02
   4.8745650e+02   3.3776309e+02
   4.8738031e+02   5.7092803e+02
   4.8846469e+02   7.2703970e+01
   4.8851467e+02   2.5572689e+02
   4.8845144e+02   6.9916558e+02
   4.8835054e+02   9.3261659e+02
   4.8948625e+02   4.3721705e+02
   4.8863222e+02   6.0938072e+02
   4.8963704e+02   3.3783101e+01
   4.8934280e+02   6.4580421e+02
   4.8995970e+02   7.3336664e+02
   4.9046710e+02   8.4721064e+02
   4.9094242e+02   7.8983840e+02
   4.9206879e+02   4.0048066e+02
   4.9154994e+02   4.7613372e+02
   4.9280435e+02   2.7674190e+02
   4.9214802e+02   3.6079651e+02
   4.9431707e+02   1.7999253e+02
   4.9467055e+02   7.5214029e+02
   4.9514536e+02   9.4441172e+01
   4.9454582e+02   1.1671298e+02
   4.9450125e+02   1.3857837e+02
   4.9526943e+02   1.5897558e+02
   4.9555204e+02   2.0090254e+02
   4.9599627e+02   5.1405496e+02
   4.9617777e+02   5.5136603e+02
   4.9709244e+02   2.9853510e+02
   4.9665042e+02   8.9764989e+02
   4.9867705e+02   8.2692844e+02
   4.9891895e+02   9.4849542e+02
   5.0034875e+02   5.3340190e+01
   5.0015355e+02   2.1904121e+02
   5.0052699e+02   5.8963434e+02
   5.0025587e+02   6.7948100e+02
   5.0024091e+02   7.1759294e+02
   5.0054823e+02   4.5604405e+02
   5.0042275e+02   6.2854652e+02
   5.0106932e+02   7.7124178e+02
   5.0136354e+02   9.1991581e+02
   5.0172660e+02   4.1961767e+02
   5.0267747e+02   8.6437861e+02
   5.0226395e+02   9.9507786e+02
   5.0315858e+02   3.2116038e+02
   5.0385826e+02   8.0779267e+02
   5.0575455e+02   2.3892120e+02
   5.0840372e+02   3.4337696e+02
   5.0721587e+02   3.8234927e+02
   5.0700100e+02   4.9467888e+02
   5.0901494e+02   7.4120158e+01
   5.0933268e+02   2.6158373e+02
   5.0867456e+02   5.3256248e+02
   5.0923186e+02   5.7070640e+02
   5.0878711e+02   6.4896766e+02
   5.0983676e+02   7.3584521e+02
   5.1129106e+02   3.5427731e+01
   5.1147963e+02   4.7519273e+02
   5.1173208e+02   6.9835485e+02
   5.1156759e+02   7.8697794e+02
   5.1300398e+02   1.5029080e+02
   5.1263492e+02   2.8399073e+02
   5.1185653e+02   9.3079894e+02
   5.1256730e+02   1.0930507e+02
   5.1271274e+02   1.2762033e+02
   5.1294110e+02   4.3885007e+02
   5.1290143e+02   8.4430057e+02
   5.1363675e+02   1.7219572e+02
   5.1462972e+02   1.9954070e+02
   5.1569036e+02   4.0107538e+02
   5.1416906e+02   9.0893944e+02
   5.1648720e+02   5.1367931e+02
   5.1740180e+02   3.0588566e+02
   5.1685723e+02   3.6432421e+02
   5.1849703e+02   5.6001579e+01
   5.2142098e+02   9.0827802e+01
   5.2042017e+02   5.5090021e+02
   5.2198944e+02   6.3059205e+02
   5.2060525e+02   7.6677517e+02
   5.2070109e+02   8.2418895e+02
   5.2031000e+02   9.8661095e+02
   5.2135742e+02   1.0068859e+03
   5.2158655e+02   2.2177832e+02
   5.2241384e+02   6.7927979e+02
   5.2260184e+02   2.4056375e+02
   5.2253209e+02   4.5809027e+02
   5.2350192e+02   7.1756705e+02
   5.2450558e+02   3.2742887e+02
   5.2344796e+02   5.8981905e+02
   5.2499330e+02   9.4262407e+02
   5.2599183e+02   4.2151063e+02
   5.2719105e+02   2.7029719e+02
   5.2640796e+02   8.6126040e+02
   5.2806993e+02   6.5624738e+02
   5.2774619e+02   8.0549776e+02
   5.2923741e+02   3.8304065e+02
   5.2946174e+02   4.7982193e+02
   5.2986812e+02   7.3573583e+02
   5.3045541e+02   6.9896817e+01
   5.3067132e+02   5.0096484e+02
   5.3085034e+02   5.3012747e+02
   5.3041020e+02   7.8372158e+02
   5.3014253e+02   1.1239314e+02
   5.3142291e+02   3.4808019e+02
   5.3083682e+02   8.9924968e+02
   5.3196714e+02   6.9719915e+02
   5.3306204e+02   4.4224328e+01
   5.3264790e+02   2.5486882e+02
   5.3334609e+02   2.9176416e+02
   5.3252261e+02   5.7006097e+02
   5.3304955e+02   9.2256079e+02
   5.3406832e+02   1.6160359e+02
   5.3327863e+02   1.8626241e+02
   5.3552898e+02   1.3578352e+02
   5.3498853e+02   8.4211139e+02
   5.3654477e+02   2.0730967e+02
   5.3628735e+02   6.0757676e+02
   5.3704901e+02   4.0391976e+02
   5.3718344e+02   4.4167053e+02
   5.4066209e+02   2.3083691e+02
   5.4185022e+02   9.9081076e+02
   5.4300230e+02   3.1248543e+02
   5.4235375e+02   3.6350697e+02
   5.4282637e+02   5.4944771e+02
   5.4243904e+02   8.2045828e+02
   5.4424248e+02   2.3162277e+01
   5.4459381e+02   3.3758984e+02
   5.4475246e+02   4.6248037e+02
   5.4507611e+02   5.8769970e+02
   5.4753913e+02   7.5004776e+02
   5.4589408e+02   9.3177615e+02
   5.4692274e+02   7.2782399e+02
   5.4732346e+02   7.7219274e+02
   5.4809041e+02   6.2458772e+02
   5.4710073e+02   6.4462308e+02
   5.4757709e+02   6.6668090e+02
   5.4744545e+02   9.0704163e+02
   5.4795782e+02   2.7203270e+02
   5.4925613e+02   4.2237628e+02
   5.4926034e+02   4.8558468e+02
   5.4854450e+02   6.8778698e+02
   5.4890859e+02   7.0847933e+02
   5.4848900e+02   8.5968811e+02
   5.4971268e+02   1.1647699e+02
   5.4946038e+02   7.9762485e+02
   5.5084605e+02   4.3491335e+01
   5.5081293e+02   3.8574094e+02
   5.5209463e+02   6.4959137e+01
   5.5143604e+02   1.9438159e+02
   5.5203881e+02   5.1164062e+02
   5.5191286e+02   9.5374222e+02
   5.5233104e+02   2.5170880e+02
   5.5310488e+02   5.3326072e+02
   5.5379259e+02   9.7349858e+02
   5.5500977e+02   1.7549743e+02
   5.5488224e+02   2.9296994e+02
   5.5594644e+02   1.5338628e+02
   5.5691770e+02   5.6998644e+02
   5.5742480e+02   6.0783168e+02
   5.5752972e+02   8.3783147e+02
   5.5886887e+02   4.4578421e+02
   5.5998409e+02   2.1415818e+02
   5.5915484e+02   4.0460027e+02
   5.5997355e+02   8.5998262e+01
   5.6188811e+02   1.8166108e+01
   5.6121353e+02   1.3241740e+02
   5.6399104e+02   3.2683900e+02
   5.6363468e+02   3.4913850e+02
   5.6268920e+02   7.6074660e+02
   5.6309664e+02   8.7349840e+02
   5.6413195e+02   4.6758000e+02
   5.6592718e+02   1.0781216e+02
   5.6517864e+02   2.3770357e+02
   5.6467251e+02   3.7175498e+02
   5.6521657e+02   5.4913718e+02
   5.6556568e+02   7.4032742e+02
   5.6483300e+02   8.1700498e+02
   5.6452340e+02   8.9419601e+02
   5.6520345e+02   9.1581965e+02
   5.6643459e+02   7.1959963e+02
   5.6660278e+02   9.8934359e+02
   5.6674557e+02   6.5562619e+02
   5.6787786e+02   2.5976872e+02
   5.6783395e+02   6.3241084e+02
   5.6865112e+02   6.7748184e+02
   5.6713856e+02   6.9946491e+02
   5.6780527e+02   7.7967216e+02
   5.6897622e+02   3.0442186e+02
   5.6788308e+02   9.3693760e+02
   5.7019673e+02   1.9173684e+02
   5.7061981e+02   5.0382050e+02
   5.7035084e+02   5.2720190e+02
   5.7137495e+02   7.4618167e+01
   5.7121392e+02   5.8802087e+02
   5.7160967e+02   8.5632259e+02
   5.7170610e+02   2.8183863e+02
   5.7202679e+02   4.2028001e+02
   5.7149705e+02   9.6175060e+02
   5.7274921e+02   3.9118043e+02
   5.7293766e+02   7.9686582e+02
   5.7328306e+02   3.4391004e+01
   5.7466009e+02   1.6890235e+02
   5.7613829e+02   4.8223388e+02
   5.7830727e+02   9.2805945e+01
   5.7861584e+02   4.6085074e+02
   5.7849505e+02   6.1126518e+02
   5.7910354e+02   1.4846322e+02
   5.8011352e+02   5.6328263e+02
   5.7967132e+02   8.3131068e+02
   5.8082910e+02   2.4783134e+02
   5.8136220e+02   8.7960914e+02
   5.8230383e+02   2.2946536e+02
   5.8298980e+02   3.3767176e+02
   5.8349539e+02   7.3495352e+02
   5.8268458e+02   7.6123438e+02
   5.8397801e+02   9.0152344e+02
   5.8517452e+02   1.2808705e+02
   5.8520185e+02   3.1570139e+02
   5.8518416e+02   5.4193323e+02
   5.8601149e+02   2.0769064e+02
   5.8583844e+02   4.3854882e+02
   5.8693674e+02   6.4695296e+02
   5.8651320e+02   6.6907147e+02
   5.8667738e+02   6.9193520e+02
   5.8614932e+02   7.1228597e+02
   5.8549195e+02   9.2287336e+02
   5.8640460e+02   9.4259180e+02
   5.8673948e+02   7.8675179e+02
   5.8747300e+02   8.0837109e+02
   5.8637215e+02   9.9120748e+02
   5.8890339e+02   3.7286683e+02
   5.8902836e+02   5.1981749e+02
   5.9058295e+02   2.6943944e+02
   5.8982337e+02   2.9226987e+02
   5.9241160e+02   1.8601015e+02
   5.9346609e+02   3.9348920e+02
   5.9273184e+02   6.2560851e+02
   5.9388199e+02   4.9623979e+02
   5.9525915e+02   8.6799010e+02
   5.9563200e+02   6.4227301e+01
   5.9603689e+02   1.6207834e+02
   5.9644822e+02   4.7604789e+02
   5.9588286e+02   6.0160447e+02
   5.9693618e+02   5.7875906e+02
   5.9719421e+02   2.6915444e+01
   5.9801553e+02   8.4587487e+02
   5.9851841e+02   9.7206334e+02
   5.9916166e+02   1.4150984e+02
   5.9931707e+02   2.4614504e+02
   5.9990794e+02   5.5711976e+02
   5.9953305e+02   8.2395349e+02
   5.9925246e+02   1.0253563e+02
   6.0150421e+02   3.5084240e+02
   6.0055451e+02   4.5223296e+02
   6.0161292e+02   7.4977016e+02
   6.0135293e+02   7.7186299e+02
   6.0170724e+02   8.8698857e+02
   6.0134821e+02   9.5348589e+02
   6.0252961e+02   2.2286564e+02
   6.0364483e+02   7.0755943e+02
   6.0344644e+02   7.2720394e+02
   6.0342110e+02   3.2832898e+02
   6.0492653e+02   6.8259420e+02
   6.0378415e+02   9.1102321e+02
   6.0317707e+02   9.3278951e+02
   6.0539215e+02   4.3057015e+02
   6.0561981e+02   1.2210247e+02
   6.0668476e+02   3.0725335e+02
   6.0648506e+02   6.6113687e+02
   6.0668477e+02   7.9797813e+02
   6.0692767e+02   5.3488763e+02
   6.0767994e+02   1.9988303e+02
   6.0868588e+02   2.8418781e+02
   6.0893438e+02   9.9199628e+02
   6.1038131e+02   4.0779860e+02
   6.1159747e+02   5.1361242e+02
   6.1103237e+02   6.3857851e+02
   6.1175393e+02   4.7367314e+01
   6.1277698e+02   6.1639375e+02
   6.1345568e+02   5.9319291e+02
   6.1376364e+02   8.6093199e+02
   6.1367169e+02   3.8847785e+02
   6.1431442e+02   4.8973187e+02
   6.1541258e+02   2.6265174e+02
   6.1603387e+02   9.6650325e+02
   6.1594019e+02   6.9878076e+01
   6.1595931e+02   1.7808005e+02
   6.1669115e+02   7.6030197e+02
   6.1660127e+02   1.5372673e+02
   6.1815574e+02   2.2539313e+01
   6.1840941e+02   2.4016379e+02
   6.1790579e+02   4.6746849e+02
   6.1871631e+02   3.6364974e+02
   6.1893224e+02   5.7220920e+02
   6.1853013e+02   8.3699064e+02
   6.2031928e+02   1.1154996e+02
   6.2031365e+02   8.1705267e+02
   6.2003477e+02   9.0201388e+02
   6.2218415e+02   4.4501043e+02
   6.2280131e+02   5.4859749e+02
   6.2252582e+02   7.1923729e+02
   6.2210370e+02   7.7988740e+02
   6.2235879e+02   9.2223941e+02
   6.2192306e+02   9.4746073e+02
   6.2261846e+02   1.3536132e+02
   6.2355193e+02   6.7498047e+02
   6.2350216e+02   6.9726568e+02
   6.2367621e+02   7.4214825e+02
   6.2403144e+02   3.2029082e+02
   6.2390507e+02   3.4251041e+02
   6.2511471e+02   4.2214282e+02
   6.2636668e+02   8.2003777e+01
   6.2652013e+02   5.2763567e+02
   6.2663297e+02   2.1806927e+02
   6.2732141e+02   1.9679944e+02
   6.2821347e+02   2.9967516e+02
   6.2842225e+02   8.8354636e+02
   6.3020689e+02   5.0454234e+02
   6.2914914e+02   6.5361677e+02
   6.3096466e+02   5.7336658e+01
   6.3086609e+02   4.0071544e+02
   6.3198132e+02   6.2889625e+02
   6.3251499e+02   9.8186558e+02
   6.3286762e+02   2.7791778e+02
   6.3268885e+02   6.0893661e+02
   6.3215883e+02   1.0041482e+03
   6.3466328e+02   1.6249666e+02
   6.3414852e+02   3.8013150e+02
   6.3469803e+02   3.9364222e+01
   6.3484062e+02   4.8176559e+02
   6.3535298e+02   5.8584351e+02
   6.3484245e+02   8.0308794e+02
   6.3577617e+02   2.5537576e+02
   6.3660088e+02   7.6022265e+02
   6.3592767e+02   8.4735755e+02
   6.3676828e+02   9.6053371e+02
   6.3868996e+02   3.5772676e+02
   6.3859608e+02   8.2662322e+02
   6.4005142e+02   1.0636735e+02
   6.4007802e+02   1.2803259e+02
   6.3906396e+02   1.7965516e+02
   6.4066731e+02   4.3597846e+02
   6.4061735e+02   2.1621527e+01
   6.4132315e+02   1.4661917e+02
   6.4037973e+02   2.3712023e+02
   6.4046452e+02   4.6020930e+02
   6.4126306e+02   7.3550240e+02
   6.4093789e+02   8.6813260e+02
   6.4110647e+02   9.0390061e+02
   6.4195849e+02   5.4288095e+02
   6.4229129e+02   5.6395929e+02
   6.4214512e+02   7.1163069e+02
   6.4357797e+02   3.3449113e+02
   6.4332262e+02   7.8166025e+02
   6.4342688e+02   9.4190723e+02
   6.4465037e+02   5.2010249e+02
   6.4464005e+02   6.8992788e+02
   6.4525354e+02   2.0242571e+02
   6.4419095e+02   3.1423380e+02
   6.4538022e+02   6.6821477e+02
   6.4666079e+02   7.8203109e+01
   6.4836917e+02   6.4887906e+02
   6.4908966e+02   4.1590518e+02
   6.4955688e+02   9.9614559e+02
   6.5155949e+02   4.1314081e+01
   6.5134380e+02   2.9424677e+02
   6.5158863e+02   3.9434610e+02
   6.5082893e+02   9.2164227e+02
   6.5195483e+02   8.8476441e+02
   6.5292400e+02   1.1347263e+02
   6.5373269e+02   1.6181722e+02
   6.5427489e+02   3.7246352e+02
   6.5245845e+02   4.9634718e+02
   6.5382557e+02   6.0077654e+02
   6.5368195e+02   2.2212092e+02
   6.5471699e+02   9.6855458e+01
   6.5437343e+02   2.6956386e+02
   6.5690812e+02   4.7361242e+02
   6.5499054e+02   6.2074691e+02
   6.5540520e+02   9.7818624e+02
   6.5787473e+02   7.4793942e+02
   6.5833263e+02   1.8498374e+02
   6.5819880e+02   4.5221132e+02
   6.5846554e+02   5.7905845e+02
   6.5913244e+02   6.0926861e+01
   6.5945533e+02   2.4500185e+02
   6.5907386e+02   3.5305735e+02
   6.5874340e+02   8.1528905e+02
   6.5879009e+02   8.6098417e+02
   6.6006363e+02   1.3125615e+02
   6.6004365e+02   7.2655086e+02
   6.6125400e+02   7.0459895e+02
   6.6049118e+02   7.7219482e+02
   6.6032602e+02   7.9363151e+02
   6.6054375e+02   8.4112797e+02
   6.6034568e+02   9.5811810e+02
   6.6267454e+02   3.1708287e+02
   6.6151028e+02   5.5530598e+02
   6.6315862e+02   5.3466057e+02
   6.6387019e+02   1.4529617e+02
   6.6408167e+02   4.3140785e+02
   6.6480471e+02   6.8169309e+02
   6.6535696e+02   1.9438280e+01
   6.6516244e+02   9.3912542e+02
   6.6672627e+02   7.9323428e+01
   6.6678711e+02   9.9749667e+02
   6.6779892e+02   2.0585710e+02
   6.6779678e+02   5.1183541e+02
   6.6756334e+02   6.6055649e+02
   6.6904658e+02   4.0938222e+02
   6.6965860e+02   6.4088355e+02
   6.7152243e+02   2.8128856e+02
   6.7178565e+02   3.8604759e+02
   6.7118497e+02   6.0322218e+02
   6.7195352e+02   4.2996456e+01
   6.7137435e+02   1.0095678e+02
   6.7195448e+02   3.3810684e+02
   6.7430305e+02   2.2636588e+02
   6.7381290e+02   4.8950971e+02
   6.7469173e+02   8.7403527e+02
   6.7552450e+02   1.1793284e+02
   6.7584941e+02   2.6393965e+02
   6.7659223e+02   4.6679951e+02
   6.7710610e+02   8.9309645e+02
   6.7556889e+02   1.7096015e+02
   6.7706744e+02   8.2791249e+02
   6.7699701e+02   9.7668285e+02
   6.7793043e+02   3.0118440e+02
   6.7834294e+02   3.6165698e+02
   6.7851062e+02   5.6802974e+02
   6.7808036e+02   7.1793063e+02
   6.7808356e+02   8.0618625e+02
   6.7852189e+02   7.6104057e+02
   6.7904885e+02   7.8406906e+02
   6.7997276e+02   6.1667846e+01
   6.8062698e+02   1.8949315e+02
   6.8049180e+02   1.5564748e+02
   6.8106021e+02   5.4874678e+02
   6.8098326e+02   7.3703518e+02
   6.8107555e+02   8.5136007e+02
   6.8204712e+02   1.3716461e+02
   6.8215866e+02   2.4541177e+02
   6.8235897e+02   4.4619911e+02
   6.8261257e+02   6.2509151e+02
   6.8226338e+02   9.5661742e+02
   6.8393060e+02   2.6707316e+01
   6.8354569e+02   6.9895829e+02
   6.8556753e+02   7.9756963e+01
   6.8514247e+02   4.2480306e+02
   6.8498986e+02   6.7266832e+02
   6.8591455e+02   5.2671607e+02
   6.8607894e+02   5.8553346e+02
   6.8676185e+02   3.2078693e+02
   6.8765093e+02   6.4781086e+02
   6.8772289e+02   9.9546690e+02
   6.8929649e+02   2.1073626e+02
   6.9009437e+02   5.0341759e+02
   6.8950122e+02   9.3519885e+02
   6.9080356e+02   2.8293396e+02
   6.9036762e+02   4.0184259e+02
   6.9229505e+02   4.7101256e+01
   6.9221984e+02   1.7199451e+02
   6.9324788e+02   4.8292860e+02
   6.9389298e+02   8.7521545e+02
   6.9472427e+02   8.1529910e+02
   6.9507780e+02   9.7446553e+02
   6.9539054e+02   3.4206069e+02
   6.9673839e+02   6.0753292e+02
   6.9674002e+02   9.2284807e+01
   6.9783881e+02   7.9482328e+02
   6.9668246e+02   8.3611552e+02
   6.9789148e+02   1.2041539e+02
   6.9866681e+02   2.3011686e+02
   6.9816399e+02   2.5626217e+02
   6.9758238e+02   3.8090307e+02
   6.9789313e+02   7.1970074e+02
   6.9787733e+02   7.5370174e+02
   6.9858416e+02   7.7274706e+02
   6.9755051e+02   9.1342681e+02
   6.9923691e+02   3.0298454e+02
   7.0005980e+02   4.6071242e+02
   7.0097703e+02   6.3900966e+01
   7.0101757e+02   1.5489811e+02
   7.0025463e+02   5.6656115e+02
   7.0154302e+02   6.2993385e+02
   7.0123048e+02   6.8335603e+02
   7.0265279e+02   1.9274462e+02
   7.0305532e+02   3.6243155e+02
   7.0314940e+02   5.4280040e+02
   7.0404334e+02   4.3937592e+02
   7.0380965e+02   8.6029365e+02
   7.0359304e+02   9.5378915e+02
   7.0546117e+02   8.9492242e+02
   7.0684753e+02   6.6486199e+02
   7.0657173e+02   2.7626815e+01
   7.0734209e+02   5.1953495e+02
   7.0708074e+02   5.8735535e+02
   7.0749765e+02   4.1730243e+02
   7.0889945e+02   2.1179583e+02
   7.0969000e+02   3.2351385e+02
   7.0917626e+02   7.3861524e+02
   7.1023009e+02   7.0045009e+02
   7.1035492e+02   7.9625504e+01
   7.1088656e+02   1.0653751e+02
   7.1065850e+02   1.3803198e+02
   7.1093954e+02   4.9700509e+02
   7.1089636e+02   9.3207174e+02
   7.1042683e+02   9.9174851e+02
   7.1173150e+02   1.7539840e+02
   7.1205724e+02   3.9784765e+02
   7.1296771e+02   8.2239004e+02
   7.1456714e+02   5.2070726e+01
   7.1441698e+02   4.7510633e+02
   7.1417279e+02   6.4531266e+02
   7.1481739e+02   2.6925662e+02
   7.1483081e+02   8.4431119e+02
   7.1548325e+02   8.7791903e+02
   7.1591314e+02   8.0301969e+02
   7.1716764e+02   2.9663571e+02
   7.1692370e+02   3.4817123e+02
   7.1707966e+02   7.8191048e+02
   7.1794155e+02   2.4619745e+02
   7.1827540e+02   3.7543946e+02
   7.1795672e+02   7.5833770e+02
   7.1969967e+02   4.5432414e+02
   7.1888618e+02   9.1035725e+02
   7.1912121e+02   9.6912347e+02
   7.2027069e+02   1.2196055e+02
   7.2040218e+02   7.2099179e+02
   7.2062396e+02   9.2341276e+01
   7.2123536e+02   1.5654075e+02
   7.2137037e+02   5.5584111e+02
   7.2151493e+02   5.9965677e+02
   7.2098300e+02   6.8321812e+02
   7.2184978e+02   6.2246072e+02
   7.2316333e+02   6.7617161e+01
   7.2296134e+02   2.2369884e+02
   7.2429101e+02   1.9819064e+02
   7.2330096e+02   4.3379320e+02
   7.2357161e+02   5.3676970e+02
   7.2324515e+02   5.7847769e+02
   7.2519836e+02   8.6297418e+02
   7.2494578e+02   9.4978893e+02
   7.2625970e+02   8.9296483e+02
   7.2737833e+02   5.1126731e+02
   7.2662707e+02   8.1462331e+02
   7.2774600e+02   4.1356854e+02
   7.3161320e+02   4.8896133e+02
   7.3089232e+02   6.6190788e+02
   7.3198330e+02   7.0131157e+02
   7.3216696e+02   7.4051088e+02
   7.3203881e+02   9.8774691e+02
   7.3218108e+02   1.0429683e+02
   7.3254723e+02   1.3891180e+02
   7.3239136e+02   2.8050676e+02
   7.3277509e+02   9.2843008e+02
   7.3485235e+02   5.5037121e+01
   7.3429798e+02   1.7578694e+02
   7.3421067e+02   3.1539684e+02
   7.3565881e+02   2.5966135e+02
   7.3513795e+02   7.9378215e+02
   7.3544333e+02   3.3404540e+02
   7.3572073e+02   3.9244145e+02
   7.3738786e+02   2.3867592e+02
   7.3749048e+02   4.6954941e+02
   7.3813646e+02   8.7708974e+02
   7.3817043e+02   3.5378485e+02
   7.3904711e+02   6.4068905e+02
   7.4035443e+02   6.1238141e+02
   7.4026064e+02   9.0951281e+02
   7.3912766e+02   9.6554362e+02
   7.4153295e+02   5.6929045e+02
   7.4160797e+02   5.9020282e+02
   7.4141509e+02   7.5718255e+02
   7.4114058e+02   7.7550094e+02
   7.4206714e+02   1.5690359e+02
   7.4214734e+02   4.4839315e+02
   7.4333424e+02   2.1471393e+02
   7.4315415e+02   4.2700207e+02
   7.4280920e+02   6.8227591e+02
   7.4346872e+02   2.9774106e+02
   7.4313523e+02   5.4880404e+02
   7.4458226e+02   5.2451534e+02
   7.4461378e+02   7.2090336e+02
   7.4494275e+02   1.2169394e+02
   7.4623006e+02   5.0311860e+02
   7.4544036e+02   8.1044107e+02
   7.4722211e+02   3.6665834e+01
   7.4678764e+02   1.0059655e+03
   7.4840958e+02   4.0945549e+02
   7.4760901e+02   9.4533208e+02
   7.4893511e+02   1.9338633e+02
   7.5173915e+02   2.7583562e+02
   7.5171278e+02   3.7078359e+02
   7.5289054e+02   6.6113336e+02
   7.5467622e+02   2.5325880e+02
   7.5347381e+02   3.2146334e+02
   7.5380870e+02   3.4599361e+02
   7.5359586e+02   4.8365308e+02
   7.5443445e+02   9.2588931e+02
   7.5514670e+02   1.7077051e+02
   7.5528403e+02   7.0212696e+02
   7.5500169e+02   7.4230561e+02
   7.5467972e+02   7.9495898e+02
   7.5466063e+02   8.2974618e+02
   7.5650128e+02   6.4368000e+02
   7.5703608e+02   9.8267818e+02
   7.5711336e+02   1.0257935e+02
   7.5765493e+02   1.4596155e+02
   7.5929251e+02   2.3144208e+02
   7.5971991e+02   5.3980888e+01
   7.5979142e+02   5.3827906e+02
   7.6015641e+02   6.2332784e+02
   7.6146219e+02   3.9565858e+02
   7.6117847e+02   4.3971439e+02
   7.6074463e+02   5.5843825e+02
   7.6110654e+02   6.0220155e+02
   7.6027578e+02   7.6704513e+02
   7.6223207e+02   4.6270694e+02
   7.6199041e+02   9.6234763e+02
   7.6328416e+02   5.1839261e+02
   7.6293250e+02   5.7899944e+02
   7.6317958e+02   9.0600888e+02
   7.6435221e+02   2.9430593e+01
   7.6453830e+02   1.1876060e+02
   7.6439610e+02   8.4985449e+02
   7.6453955e+02   2.0803630e+02
   7.6568851e+02   6.8130049e+02
   7.6672792e+02   2.9251502e+02
   7.6700000e+02   4.1700000e+02
   7.6666179e+02   7.2333818e+02
   7.6684665e+02   1.0011232e+03
   7.6954723e+02   9.4169763e+02
   7.7000929e+02   1.8759784e+02
   7.7152667e+02   2.6983584e+02
   7.7092829e+02   3.3500997e+02
   7.7318174e+02   4.9893431e+02
   7.7285083e+02   6.6050552e+02
   7.7485418e+02   4.7827909e+02
   7.7508633e+02   7.6028902e+02
   7.7435856e+02   8.9139238e+02
   7.7617740e+02   1.6615694e+02
   7.7541715e+02   2.4790849e+02
   7.7573478e+02   3.5874147e+02
   7.7584841e+02   8.0337713e+02
   7.7530692e+02   9.2040619e+02
   7.7573473e+02   9.8083598e+02
   7.7568068e+02   7.0449502e+01
   7.7769323e+02   2.2439165e+02
   7.7751302e+02   3.7903512e+02
   7.7855019e+02   8.2897699e+02
   7.7914363e+02   1.0394496e+02
   7.8035788e+02   4.4320055e+02
   7.8036229e+02   6.1313389e+02
   7.7935293e+02   7.0075393e+02
   7.7985698e+02   7.3995101e+02
   7.8093730e+02   3.1728838e+02
   7.8104050e+02   5.2368740e+02
   7.8010014e+02   5.6716839e+02
   7.8073714e+02   5.8994703e+02
   7.8119589e+02   6.3827532e+02
   7.8232858e+02   5.4822963e+02
   7.8277350e+02   9.5756887e+02
   7.8396954e+02   1.2830967e+02
   7.8454510e+02   4.0065041e+02
   7.8498603e+02   9.0127691e+02
   7.8566203e+02   5.2750494e+01
   7.8544556e+02   1.4798714e+02
   7.8491236e+02   2.0249485e+02
   7.8744188e+02   4.6456318e+02
   7.8704625e+02   6.7904911e+02
   7.8789964e+02   7.2108828e+02
   7.8757720e+02   8.4319218e+02
   7.8924956e+02   3.0097933e+02
   7.9036768e+02   3.3743972e+02
   7.9058250e+02   2.8274159e+02
   7.9080612e+02   8.1712132e+02
   7.9147900e+02   9.9783470e+02
   7.9187185e+02   4.8776782e+02
   7.9331203e+02   2.6253347e+02
   7.9334421e+02   1.8288541e+02
   7.9371199e+02   4.2746425e+02
   7.9338423e+02   9.3761107e+02
   7.9530964e+02   2.4164771e+02
   7.9512557e+02   3.7709894e+02
   7.9493985e+02   6.5877468e+02
   7.9533402e+02   8.8420433e+02
   7.9659722e+02   8.2456027e+01
   7.9666754e+02   5.0981384e+02
   7.9684713e+02   7.6698054e+02
   7.9800000e+02   3.8000000e+01
   7.9829029e+02   9.7617852e+02
   8.0009298e+02   1.6204708e+02
   8.0050989e+02   3.5577696e+02
   7.9951435e+02   5.3435942e+02
   7.9981484e+02   5.7875014e+02
   8.0019048e+02   6.0083833e+02
   8.0016733e+02   6.2207682e+02
   8.0036596e+02   6.9407853e+02
   8.0081217e+02   2.1734914e+02
   8.0141638e+02   4.4851573e+02
   8.0052177e+02   5.5587170e+02
   8.0087876e+02   9.1773947e+02
   8.0192577e+02   1.1650093e+02
   8.0277542e+02   1.3693982e+02
   8.0245066e+02   8.3271844e+02
   8.0213054e+02   8.6161552e+02
   8.0405354e+02   7.1185738e+02
   8.0373473e+02   7.3150636e+02
   8.0534317e+02   1.9816654e+02
   8.0403417e+02   3.1747643e+02
   8.0593160e+02   4.1291049e+02
   8.0654468e+02   6.4140575e+02
   8.0670884e+02   6.7667785e+02
   8.0863764e+02   2.2090946e+01
   8.0809893e+02   9.9131210e+01
   8.0852637e+02   2.9365942e+02
   8.0738815e+02   9.5564917e+02
   8.0812854e+02   3.9574070e+02
   8.0893677e+02   8.9713043e+02
   8.0905439e+02   4.7171817e+02
   8.1013793e+02   4.9645318e+02
   8.1068687e+02   7.4984964e+02
   8.1090134e+02   8.0410099e+02
   8.1241134e+02   1.7836220e+02
   8.1282077e+02   2.5510632e+02
   8.1280345e+02   2.7434824e+02
   8.1379080e+02   2.3406693e+02
   8.1386427e+02   3.3929008e+02
   8.1360983e+02   5.2060935e+02
   8.1561076e+02   4.3069753e+02
   8.1514757e+02   8.7713469e+02
   8.1463376e+02   9.3538389e+02
   8.1518044e+02   9.9386506e+02
   8.1508791e+02   5.2346540e+01
   8.1651805e+02   3.6545390e+02
   8.1682642e+02   6.5664351e+02
   8.1682887e+02   5.4368808e+02
   8.1770155e+02   5.6528908e+02
   8.1696826e+02   8.5030694e+02
   8.1755669e+02   7.7556990e+01
   8.1897689e+02   6.9546686e+02
   8.1784078e+02   8.2380821e+02
   8.1895005e+02   5.8804858e+02
   8.1888602e+02   7.6954002e+02
   8.1969415e+02   1.1819684e+02
   8.2000784e+02   6.1168666e+02
   8.2187534e+02   2.1698083e+02
   8.2237360e+02   3.8527807e+02
   8.2124451e+02   6.3415488e+02
   8.2178536e+02   9.7188790e+02
   8.2233722e+02   1.5881341e+02
   8.2321186e+02   3.0348091e+02
   8.2184066e+02   7.3246341e+02
   8.2257935e+02   9.1397829e+02
   8.2434745e+02   4.5085660e+02
   8.2737894e+02   3.2001940e+02
   8.2672740e+02   4.1113328e+02
   8.2674833e+02   4.8979207e+02
   8.2725865e+02   7.8864904e+02
   8.2661501e+02   9.5189128e+02
   8.2912467e+02   9.7175757e+01
   8.2991086e+02   2.8508345e+02
   8.2855720e+02   8.9172973e+02
   8.2925366e+02   1.9698791e+02
   8.2918290e+02   5.0758454e+02
   8.2960057e+02   6.7439401e+02
   8.3059246e+02   7.5227311e+02
   8.3123822e+02   1.3805105e+02
   8.3148624e+02   2.6262488e+02
   8.3117561e+02   3.5683481e+02
   8.3224253e+02   3.8631595e+01
   8.3165884e+02   2.3891026e+02
   8.3229524e+02   5.2971692e+02
   8.3149794e+02   7.1307512e+02
   8.3467681e+02   1.7717902e+02
   8.3502416e+02   4.7080656e+02
   8.3436763e+02   8.0591948e+02
   8.3428797e+02   9.8781557e+02
   8.3534478e+02   6.0154650e+01
   8.3560349e+02   5.5228593e+02
   8.3740198e+02   4.3323898e+02
   8.3724169e+02   5.7515944e+02
   8.3668344e+02   8.6890043e+02
   8.3636428e+02   9.3345607e+02
   8.3785290e+02   8.0670953e+01
   8.3760017e+02   3.3912562e+02
   8.3901397e+02   2.5378739e+01
   8.3897244e+02   3.0212467e+02
   8.3887653e+02   3.7666061e+02
   8.3934449e+02   5.9712110e+02
   8.3935938e+02   6.1910361e+02
   8.3987227e+02   2.1445153e+02
   8.3968037e+02   6.5584107e+02
   8.4126119e+02   1.1777896e+02
   8.4090639e+02   6.9472972e+02
   8.4107181e+02   8.4445880e+02
   8.4145984e+02   7.7141008e+02
   8.4296571e+02   3.9719394e+02
   8.4306378e+02   1.5561792e+02
   8.4332627e+02   7.3362371e+02
   8.4380982e+02   9.6568992e+02
   8.4486174e+02   4.9239919e+02
   8.4475487e+02   9.1040245e+02
   8.4759813e+02   1.9492885e+02
   8.4783329e+02   2.6886303e+02
   8.4821297e+02   5.1741853e+02
   8.4777805e+02   8.2050950e+02
   8.4920619e+02   4.5144236e+02
   8.4919478e+02   7.9469913e+02
   8.4910343e+02   9.5206814e+02
   8.4834024e+02   1.0050261e+03
   8.4937720e+02   4.4418009e+01
   8.5037692e+02   2.3226767e+02
   8.5022456e+02   2.5112002e+02
   8.4960203e+02   3.2063908e+02
   8.4974750e+02   4.1328173e+02
   8.5010782e+02   6.3561702e+02
   8.5163598e+02   8.8499039e+02
   8.5153921e+02   3.5956334e+02
   8.5368961e+02   6.8545594e+01
   8.5270387e+02   9.4847067e+01
   8.5302128e+02   2.8315273e+02
   8.5266997e+02   5.3908842e+02
   8.5263766e+02   6.7466112e+02
   8.5320584e+02   7.1418720e+02
   8.5276484e+02   7.5330856e+02
   8.5410863e+02   1.3676774e+02
   8.5425900e+02   5.6184249e+02
   8.5513347e+02   1.7511092e+02
   8.5594324e+02   4.7234822e+02
   8.5750001e+02   2.8479903e+01
   8.5698244e+02   5.8498649e+02
   8.5785277e+02   3.3889709e+02
   8.5779275e+02   9.3263531e+02
   8.5969970e+02   2.1502841e+02
   8.5842327e+02   3.9646862e+02
   8.5875577e+02   4.3238650e+02
   8.5958609e+02   6.1217489e+02
   8.5911614e+02   8.6274927e+02
   8.6174180e+02   8.3770675e+02
   8.6282144e+02   6.5346576e+02
   8.6260750e+02   9.7046814e+02
   8.6406786e+02   1.9129674e+02
   8.6384750e+02   3.0052550e+02
   8.6362913e+02   5.0523674e+02
   8.6381190e+02   7.3442056e+02
   8.6400584e+02   2.6418599e+02
   8.6431548e+02   3.7931431e+02
   8.6460445e+02   6.9574893e+02
   8.6484278e+02   7.7459199e+02
   8.6573243e+02   1.1753308e+02
   8.6500001e+02   1.5634775e+02
   8.6673138e+02   4.8752408e+02
   8.6622007e+02   8.9922395e+02
   8.6644654e+02   2.4077685e+02
   8.6733623e+02   2.7823539e+02
   8.6855487e+02   8.1416072e+02
   8.6863146e+02   3.1977366e+02
   8.7045737e+02   5.8868977e+01
   8.7011544e+02   3.5875477e+02
   8.7131400e+02   5.2425184e+02
   8.7030129e+02   5.4892037e+02
   8.7256439e+02   4.0294896e+01
   8.7211060e+02   6.3488883e+02
   8.7212930e+02   9.1765987e+02
   8.7285399e+02   7.9752438e+01
   8.7298044e+02   4.6589623e+02
   8.7317430e+02   5.7517624e+02
   8.7361736e+02   4.2161061e+02
   8.7367786e+02   8.7970998e+02
   8.7428160e+02   9.3969861e+02
   8.7520522e+02   3.9545879e+02
   8.7385978e+02   6.7481565e+02
   8.7588097e+02   7.1403559e+02
   8.7635953e+02   1.7608014e+02
   8.7693451e+02   7.5314266e+02
   8.7737646e+02   7.9326416e+02
   8.7849966e+02   9.8433637e+01
   8.7657138e+02   1.3673582e+02
   8.7744989e+02   2.1838120e+02
   8.7795340e+02   4.4523014e+02
   8.7786148e+02   5.9454303e+02
   8.7845487e+02   8.5406686e+02
   8.7945504e+02   2.5895345e+02
   8.7904746e+02   9.5796580e+02
   8.8061957e+02   3.0001398e+02
   8.8149949e+02   3.4055556e+02
   8.8108644e+02   9.7524196e+02
   8.8243557e+02   1.9786199e+02
   8.8278424e+02   5.0353234e+02
   8.8363036e+02   8.3388963e+02
   8.8491925e+02   5.5908507e+02
   8.8577159e+02   6.1315918e+02
   8.8508925e+02   6.5522242e+02
   8.8576242e+02   7.7373348e+02
   8.8659437e+02   5.8326495e+01
   8.8738145e+02   2.3778974e+02
   8.8666106e+02   3.7667226e+02
   8.8658216e+02   6.9404338e+02
   8.8684849e+02   9.0394834e+02
   8.8669885e+02   9.9692675e+02
   8.8766349e+02   1.5773619e+02
   8.8862945e+02   4.8225322e+02
   8.8750209e+02   7.3479350e+02
   8.8956689e+02   1.1870146e+02
   8.8938173e+02   5.3984449e+02
   8.8983814e+02   3.2169424e+02
   8.9080171e+02   4.1098442e+02
   8.9132650e+02   8.1192371e+02
   8.9203022e+02   7.9934019e+01
   8.9235552e+02   2.7796149e+02
   8.9238862e+02   5.7768593e+02
   8.9329377e+02   2.1590657e+01
   8.9330394e+02   3.5750346e+02
   8.9276609e+02   9.2581497e+02
   8.9435899e+02   4.6045637e+02
   8.9612908e+02   2.5303909e+02
   8.9716507e+02   1.7906919e+02
   8.9647215e+02   3.9200793e+02
   8.9734290e+02   5.1971328e+02
   8.9638012e+02   6.3496212e+02
   8.9723132e+02   8.4822055e+02
   8.9793635e+02   2.1554249e+02
   8.9773638e+02   6.7485488e+02
   8.9731969e+02   7.1359179e+02
   8.9740257e+02   7.5397085e+02
   8.9955082e+02   4.1260063e+01
   9.0046233e+02   7.9307333e+02
   8.9928529e+02   8.6903865e+02
   9.0092956e+02   9.9359688e+01
   9.0063302e+02   1.3868870e+02
   9.0017312e+02   4.3918656e+02
   9.0104744e+02   5.9661105e+02
   9.0160326e+02   8.8853378e+02
   9.0299455e+02   3.3726658e+02
   9.0371286e+02   9.7596650e+02
   9.0383289e+02   4.9868951e+02
   9.0539883e+02   6.1521494e+01
   9.0579351e+02   4.2131281e+02
   9.0611965e+02   5.5750390e+02
   9.0545749e+02   8.2910715e+02
   9.0717615e+02   2.3725356e+02
   9.0642777e+02   3.1745296e+02
   9.0730407e+02   3.7656396e+02
   9.0728822e+02   6.5457385e+02
   9.0751839e+02   9.0897969e+02
   9.0773110e+02   1.9836229e+02
   9.0761827e+02   6.1662635e+02
   9.0922882e+02   1.5890674e+02
   9.0906113e+02   7.3317898e+02
   9.1062268e+02   2.9390574e+02
   9.1160025e+02   1.1855143e+02
   9.1039270e+02   6.9393980e+02
   9.1036766e+02   7.7249854e+02
   9.1204409e+02   2.2446142e+01
   9.1189168e+02   4.0205138e+02
   9.1145670e+02   4.7693557e+02
   9.1427373e+02   8.0399390e+01
   9.1412347e+02   9.4560348e+02
   9.1465696e+02   2.5704123e+02
   9.1539940e+02   3.5264552e+02
   9.1498768e+02   5.3880841e+02
   9.1460874e+02   8.0949858e+02
   9.1396429e+02   9.9365244e+02
   9.1571260e+02   5.7810115e+02
   9.1616491e+02   8.5090100e+02
   9.1689943e+02   1.8253012e+02
   9.1822466e+02   4.3094613e+01
   9.1782215e+02   2.7818612e+02
   9.1831844e+02   6.3582832e+02
   9.1835422e+02   4.5461130e+02
   9.1861639e+02   6.7481169e+02
   9.1838062e+02   7.1313918e+02
   9.1911479e+02   2.1440188e+02
   9.1892674e+02   8.7630124e+02
   9.2079753e+02   5.1749717e+02
   9.2054838e+02   7.5190285e+02
   9.2274656e+02   1.3895776e+02
   9.2234345e+02   3.3224519e+02
   9.2187395e+02   4.3064741e+02
   9.2160461e+02   8.9860440e+02
   9.2156320e+02   9.2360938e+02
   9.2145775e+02   9.7191977e+02
   9.2349711e+02   1.0121388e+02
   9.2305172e+02   7.9003669e+02
   9.2385362e+02   6.0013165e+02
   9.2406298e+02   3.8560221e+02
   9.2650484e+02   3.1113186e+02
   9.2664111e+02   4.9246802e+02
   9.2615993e+02   5.5744128e+02
   9.2676861e+02   8.2740366e+02
   9.2809383e+02   6.2284987e+01
   9.2796131e+02   6.2127353e+02
   9.2924667e+02   3.6598188e+02
   9.2887796e+02   6.5481201e+02
   9.2919027e+02   7.3341091e+02
   9.3047366e+02   2.2984105e+01
   9.2993606e+02   1.9783776e+02
   9.3151255e+02   2.4642122e+02
   9.3096349e+02   6.9297592e+02
   9.3040831e+02   7.7118203e+02
   9.3199093e+02   2.2755899e+02
   9.3244300e+02   9.9340668e+02
   9.3352595e+02   1.5706220e+02
   9.3317318e+02   1.7657478e+02
   9.3319590e+02   2.6596630e+02
   9.3250539e+02   2.9060303e+02
   9.3259186e+02   4.7161951e+02
   9.3446208e+02   1.2101813e+02
   9.3538776e+02   3.4601551e+02
   9.3510883e+02   5.3391084e+02
   9.3686379e+02   8.3095158e+01
   9.3602853e+02   5.7877680e+02
   9.3646531e+02   8.0901564e+02
   9.3626567e+02   9.5853323e+02
   9.3732825e+02   7.1325155e+02
   9.3851935e+02   9.3656410e+02
   9.3947709e+02   4.5095820e+02
   9.4034350e+02   6.7325693e+02
   9.4015999e+02   8.4627391e+02
   9.3928340e+02   8.6564826e+02
   9.4133807e+02   4.3599388e+01
   9.4087446e+02   3.9477376e+02
   9.4260308e+02   5.1010502e+02
   9.4175514e+02   7.5155554e+02
   9.4176407e+02   8.8769281e+02
   9.4182309e+02   9.0963061e+02
   9.4315370e+02   2.1754856e+02
   9.4389825e+02   6.3741070e+02
   9.4409281e+02   7.9021682e+02
   9.4509438e+02   1.4028579e+02
   9.4533659e+02   3.2415782e+02
   9.4488324e+02   6.1358441e+02
   9.4660423e+02   9.7773525e+02
   9.4799522e+02   1.0260948e+02
   9.4791598e+02   3.0120711e+02
   9.4729411e+02   4.2981651e+02
   9.4788624e+02   5.9570112e+02
   9.4910101e+02   6.3994715e+01
   9.4855103e+02   3.7698593e+02
   9.4875623e+02   4.8867864e+02
   9.4849907e+02   5.5861049e+02
   9.4900118e+02   1.0070247e+03
   9.4926818e+02   1.8638105e+02
   9.5027280e+02   2.3545008e+02
   9.5030506e+02   7.2872410e+02
   9.5085931e+02   1.6211035e+02
   9.5164623e+02   2.5716139e+02
   9.5060380e+02   2.8135663e+02
   9.5094981e+02   8.2849557e+02
   9.5267966e+02   2.4428248e+01
   9.5395513e+02   3.5752408e+02
   9.5365273e+02   6.8384625e+02
   9.5455028e+02   4.6877842e+02
   9.5482693e+02   6.5919829e+02
   9.5546315e+02   7.0494007e+02
   9.5648339e+02   2.0316417e+02
   9.5552184e+02   4.0690964e+02
   9.5632403e+02   5.2422884e+02
   9.5508126e+02   7.7059630e+02
   9.5591792e+02   9.5809322e+02
   9.5736019e+02   1.2310020e+02
   9.5794022e+02   5.8115553e+02
   9.5837557e+02   8.5271527e+01
   9.5725180e+02   8.5307872e+02
   9.5894834e+02   3.3829799e+02
   9.5901270e+02   8.0761637e+02
   9.5972465e+02   8.7551078e+02
   9.6114095e+02   8.9960072e+02
   9.6010507e+02   9.2159125e+02
   9.6225817e+02   6.2368690e+02
   9.6191491e+02   7.5181088e+02
   9.6290684e+02   4.6183556e+01
   9.6298032e+02   3.8844906e+02
   9.6281615e+02   4.4636295e+02
   9.6348632e+02   5.0508759e+02
   9.6275734e+02   5.4255622e+02
   9.6364573e+02   3.1327458e+02
   9.6510688e+02   6.0348206e+02
   9.6511419e+02   9.7496460e+02
   9.6738443e+02   2.2308862e+02
   9.6731621e+02   2.9258996e+02
   9.6808760e+02   3.6896120e+02
   9.6719581e+02   7.8801877e+02
   9.6713948e+02   9.4038533e+02
   9.6875633e+02   1.4493809e+02
   9.6891056e+02   6.3981904e+02
   9.6893247e+02   7.1264695e+02
   9.6882865e+02   9.9216861e+02
   9.7032574e+02   1.0538145e+02
   9.7001132e+02   1.8452623e+02
   9.6925800e+02   2.4604950e+02
   9.6985162e+02   2.7129417e+02
   9.7010161e+02   4.2537879e+02
   9.7043915e+02   4.8405674e+02
   9.7117288e+02   7.3321487e+02
   9.7135115e+02   8.2105949e+02
   9.7121461e+02   5.6309829e+02
   9.7365378e+02   3.4922789e+02
   9.7278227e+02   6.9398161e+02
   9.7354717e+02   6.6377074e+01
   9.7462350e+02   6.7138140e+02
   9.7513905e+02   7.6998577e+02
   9.7560264e+02   8.4051760e+02
   9.7686916e+02   2.7322286e+01
   9.7735943e+02   4.0583857e+02
   9.7788183e+02   6.5423751e+02
   9.7605792e+02   8.6222662e+02
   9.7718802e+02   9.6057995e+02
   9.7790081e+02   1.2583620e+02
   9.7832164e+02   3.2709649e+02
   9.7772420e+02   5.2707902e+02
   9.7883038e+02   1.6612228e+02
   9.7961011e+02   2.0346583e+02
   9.7909369e+02   4.6320906e+02
   9.7862547e+02   8.8293847e+02
   9.8056625e+02   9.2127299e+02
   9.8086992e+02   5.8285524e+02
   9.8236064e+02   8.7015191e+01
   9.8150397e+02   3.0420352e+02
   9.8365396e+02   6.2128076e+02
   9.8393282e+02   8.0805430e+02
   9.8413490e+02   3.8485471e+02
   9.8423062e+02   7.8912455e+02
   9.8484020e+02   4.7523604e+01
   9.8526611e+02   2.4051305e+02
   9.8566494e+02   5.0186933e+02
   9.8452142e+02   5.4796198e+02
   9.8426347e+02   7.5106056e+02
   9.8644536e+02   2.6062164e+02
   9.8620384e+02   2.8125782e+02
   9.8548910e+02   4.4258294e+02
   9.8487646e+02   9.8404059e+02
   9.8771019e+02   3.6213082e+02
   9.8649778e+02   7.2506560e+02
   9.8748754e+02   9.4284615e+02
   9.8740843e+02   1.0063301e+03
   9.9084058e+02   6.3885449e+02
   9.9059319e+02   1.4649240e+02
   9.9052888e+02   1.8491382e+02
   9.9091843e+02   3.3743889e+02
   9.9045963e+02   4.2042040e+02
   9.9005334e+02   7.0302635e+02
   9.9171864e+02   8.9854028e+02
   9.9170178e+02   2.2403712e+02
   9.9140943e+02   4.7952443e+02
   9.9206592e+02   6.0301316e+02
   9.9198774e+02   8.2831247e+02
   9.9320083e+02   1.0609597e+02
   9.9259069e+02   6.8254470e+02
   9.9350206e+02   9.6627706e+02
   9.9477393e+02   6.5974002e+02
   9.9440694e+02   7.7139649e+02
   9.9466524e+02   6.8816682e+01
   9.9503166e+02   5.6368186e+02
   9.9602625e+02   8.5026586e+02
   9.9704877e+02   3.1631830e+02
   9.9837128e+02   4.0185373e+02
   9.9826959e+02   8.7981323e+02
   9.9839248e+02   2.9458561e+01
   9.9974102e+02   5.8633029e+02
   9.9935169e+02   4.5832896e+02
   1.0017809e+03   1.2882590e+02
   1.0017755e+03   2.9395785e+02
   1.0021418e+03   1.6601633e+02
   1.0016521e+03   2.0537881e+02
   1.0014111e+03   2.4604266e+02
   1.0016792e+03   5.3862526e+02
   1.0033712e+03   2.7253721e+02
   1.0028055e+03   9.3074639e+02
   1.0041585e+03   5.1779507e+02
   1.0035346e+03   6.2004786e+02
   1.0047685e+03   7.1618085e+02
   1.0042478e+03   7.3725431e+02
   1.0036328e+03   7.9996976e+02
   1.0051288e+03   4.3739030e+02
   1.0047496e+03   9.1232617e+02
   1.0050405e+03   9.8788324e+02
   1.0048998e+03   8.8531034e+01
   1.0066486e+03   9.5308616e+02
   1.0072571e+03   3.8197437e+02
   1.0067431e+03   1.0032063e+03
   3.2098292e+01   1.9977857e+02
   4.5354350e+01   2.0127599e+02
   1.2427807e+02   4.5504943e+02
   1.3373160e+02   4.4496016e+02
   1.5016996e+02   8.7624310e+02
   1.5268530e+02   8.6313538e+02
   1.5918835e+02   4.2049784e+02
   1.6295422e+02   4.0703908e+02
   1.8291958e+02   1.0003884e+03
   1.9328194e+02   2.9391568e+02
   1.9348582e+02   3.0809815e+02
   1.9376011e+02   1.0071968e+03
   2.5499179e+02   9.2594750e+02
   2.6840733e+02   9.2766389e+02
   2.9976925e+02   8.3314573e+02
   3.0259989e+02   8.4718687e+02
   3.1527092e+02   8.1455932e+02
   3.2866327e+02   8.2995682e+02
   4.5280567e+02   5.9469786e+02
   4.5163950e+02   6.2207432e+02
   4.6620921e+02   7.4128323e+02
   4.6940215e+02   6.1037082e+02
   4.7846162e+02   7.4489924e+02
   5.0355935e+02   9.7091111e+02
   5.1167771e+02   6.0897278e+02
   5.1518612e+02   8.8384820e+02
   5.0696499e+02   6.1194024e+02
   5.2869626e+02   9.6900548e+02
   5.4079373e+02   8.2761544e+01
   5.4213036e+02   8.8256332e+02
   5.4328519e+02   9.5969511e+01
   5.7969882e+02   5.1217140e+01
   5.9235267e+02   4.6091162e+01
   6.6236369e+02   9.0164775e+02
   6.7506637e+02   9.1902456e+02
   7.2600000e+02   3.4000000e+01
   7.2692368e+02   2.0468601e+01
   7.3231824e+02   8.3236161e+02
   7.3358608e+02   7.9705174e+01
   7.3774966e+02   8.4460258e+02
   7.4225272e+02   9.0139631e+01
   7.4630137e+02   6.8560789e+01
   7.4912708e+02   8.9116094e+02
   7.5720082e+02   8.8232349e+02
   7.6626477e+02   8.6129308e+01
   7.6978365e+02   7.7857033e+02
   7.7166515e+02   8.6683783e+02
   7.8130325e+02   7.7808459e+02
   7.8361908e+02   8.7452508e+02
   7.9366267e+02   7.9124569e+02
   8.0356643e+02   7.8325079e+02
   8.5317277e+02   9.8881036e+02
   8.6607716e+02   9.9123745e+02
   8.9156248e+02   9.4916692e+02
   8.9924765e+02   9.6066370e+02
   9.2605083e+02   4.0953703e+02
   9.3758518e+02   4.1208466e+02
   3.1637854e+02   8.2645316e+02
   5.1600000e+02   9.6500000e+02
   5.2833083e+02   8.7954901e+02
   6.6300000e+02   9.1400000e+02
   7.5605690e+02   7.8811175e+01
   4.5588361e+02   6.0849040e+02
